9.600000000000000000e+01 -1.236981117097200053e-03 -2.263024789673300039e-03
3.310000000000000000e+02 3.335609667872750173e-04 6.001077984218659541e-04
3.720000000000000000e+02 4.655069310476199940e-04 9.763917800984329640e-04
5.980000000000000000e+02 3.503970775825490137e-04 2.432083974855009899e-03
1.134000000000000000e+03 -2.200252876650969896e-03 -3.634741947418120012e-04
1.353000000000000000e+03 6.268919599400640417e-04 -1.926295039310180071e-03
1.765000000000000000e+03 2.379504476112190205e-03 2.365812201895549881e-03
1.879000000000000000e+03 5.483192554468540106e-04 1.755862513653360041e-03
2.375000000000000000e+03 2.914792854989990082e-03 1.726974336810770019e-04
3.014000000000000000e+03 2.782469831229159810e-03 -1.282876301535239988e-03
3.079000000000000000e+03 -5.709035649255180325e-04 -8.280347054830319723e-04
3.265000000000000000e+03 -1.265481242994620026e-03 -2.150380107328949894e-03
3.343000000000000000e+03 -2.144551256023940079e-03 1.645185398837260057e-03
3.487000000000000000e+03 7.607869261104670180e-04 -1.734858948245189981e-03
3.846000000000000000e+03 1.068751123123590045e-03 1.033323236477210047e-03
4.474000000000000000e+03 2.850511120609910097e-03 -2.422847142765229868e-03
4.592000000000000000e+03 1.366938057540869906e-03 -3.406576223726010075e-04
4.593000000000000000e+03 2.846141515148510170e-03 5.007614214780090273e-04
4.752000000000000000e+03 -2.380431323206539784e-03 4.850325358010259841e-04
4.857000000000000000e+03 -2.482635431653750033e-03 -7.057020074912479651e-04
4.858000000000000000e+03 -1.521158991802089994e-03 1.251767872508350058e-03
5.256000000000000000e+03 -2.743123133396310146e-04 2.055475917999349898e-03
5.629000000000000000e+03 -1.622604319858559924e-03 1.763582929789009974e-03
6.148000000000000000e+03 -1.835201031756729904e-03 -2.284181996920720166e-03
6.595000000000000000e+03 -1.460640653164450072e-03 -1.761697108518179905e-03
6.812000000000000000e+03 -1.223870737701070101e-03 -2.219519490483930040e-04
6.884000000000000000e+03 2.452142254747219897e-05 2.215638129916120205e-03
7.856000000000000000e+03 8.390155481587650453e-04 -1.143515218655739895e-03
8.020000000000000000e+03 1.641529228616950102e-03 -1.612610975671280094e-03
8.686000000000000000e+03 1.746235860482239994e-03 -9.313846336144219421e-05
