5.000000000000000000e+00 -1.882515288646819957e-03 1.851041455318910064e-03
1.790000000000000000e+02 -2.189138829365559931e-03 3.948011468290489904e-04
2.010000000000000000e+02 -1.208055878713229980e-03 -2.823883167359310018e-04
3.870000000000000000e+02 -1.429809030445840061e-03 -5.395761983528380053e-04
5.050000000000000000e+02 2.210192078115649945e-03 1.520989813702840069e-03
9.310000000000000000e+02 2.059604997943290106e-03 1.391691660101259916e-03
9.540000000000000000e+02 1.739023823289590062e-03 -2.332710555402300098e-03
1.118000000000000000e+03 -8.272832929024830572e-05 -1.288539776479179989e-05
1.164000000000000000e+03 2.755472755162679914e-03 9.214708389082900287e-04
1.326000000000000000e+03 -8.106091163017869442e-06 -8.636793398711390540e-04
1.387000000000000000e+03 -1.364095894773860104e-03 -2.439579321970620183e-03
1.591000000000000000e+03 -8.104084164623539524e-04 -1.817262280786519947e-03
1.593000000000000000e+03 1.041477207825679914e-03 -6.131650918171529900e-04
1.700000000000000000e+03 1.701958006724400060e-03 -2.026141602064170186e-03
1.729000000000000000e+03 2.079337934392079881e-03 -1.402937168669419945e-03
2.065000000000000000e+03 -3.939333676271269936e-04 6.981641233643329962e-04
2.482000000000000000e+03 1.690438653621649913e-03 -2.156468166302270058e-03
2.753000000000000000e+03 -2.892881334434330197e-04 3.760388884772649927e-04
2.982000000000000000e+03 -1.103482054786199940e-04 4.949677467371750442e-04
3.347000000000000000e+03 -8.906772630012080348e-04 8.447247051034290251e-04
3.493000000000000000e+03 -2.502512076547530172e-03 1.898873243599840093e-03
3.532000000000000000e+03 -2.460764748468719995e-03 -4.754013827217099799e-04
4.654000000000000000e+03 2.046764963923929787e-03 -1.480389411028230039e-03
4.912000000000000000e+03 -1.132453843658690062e-03 -1.235829442516919946e-03
4.973000000000000000e+03 -2.296362124244329811e-03 -1.578548773942760070e-03
4.975000000000000000e+03 2.583777684994349971e-04 1.067760899991599972e-03
5.017000000000000000e+03 1.343018767035660107e-03 -2.121415029883539846e-03
5.392000000000000000e+03 -2.705314175207349826e-03 1.457750372364950079e-04
5.509000000000000000e+03 1.005328751954689915e-03 9.911026608847019973e-04
5.567000000000000000e+03 -2.588990513005870204e-03 -1.526658792325399916e-03
5.706000000000000000e+03 -1.472038094618680027e-03 -3.708582363418520193e-04
5.881000000000000000e+03 1.637043174527580023e-03 -2.190079343710159884e-03
5.883000000000000000e+03 1.744858959179280012e-03 -1.121778208865819963e-03
6.008000000000000000e+03 2.377496452247929853e-03 -1.853802717730680108e-03
6.152000000000000000e+03 -2.150125201573830074e-04 8.478994706023250069e-05
6.308000000000000000e+03 -1.708974295496720015e-03 4.031420315599250261e-04
6.816000000000000000e+03 2.411116228791160103e-03 -9.623169500545979875e-04
6.980000000000000000e+03 9.162185984352749692e-04 2.324364891023440131e-03
7.419000000000000000e+03 3.037503166650070037e-03 -1.089609439147520061e-03
7.595000000000000000e+03 7.302973019403130074e-04 5.313069278362290157e-04
7.954000000000000000e+03 2.311684652109589899e-03 -1.617166233210510107e-03
7.956000000000000000e+03 2.148056518826969852e-03 1.723634013691790036e-03
8.215000000000000000e+03 -1.195116941416529991e-03 -1.140723117503919960e-03
8.393000000000000000e+03 1.056291342261529936e-04 -1.435256032973449914e-03
8.398000000000000000e+03 7.931743552951369585e-04 1.496109580653929910e-03
8.492000000000000000e+03 2.970124935341929978e-03 -1.603822234416719950e-03
8.583000000000000000e+03 1.386514398202769952e-03 -1.000882841809450086e-03
8.600000000000000000e+03 2.977239100133110259e-04 -1.261159341898159935e-03
8.601000000000000000e+03 -1.241344222712639908e-03 1.484073237588700049e-03
8.695000000000000000e+03 1.650998640861259985e-03 -2.053086643771559906e-03
8.801000000000000000e+03 1.782660970822999937e-04 -2.139868325016760098e-03
