6.300000000000000000e+01 -2.979365851844920001e-03 1.323168699656209922e-03
1.760000000000000000e+02 -8.000506425504289466e-04 -1.098598748648139901e-03
5.220000000000000000e+02 5.906567426923899869e-05 -1.112627823579319906e-03
6.390000000000000000e+02 1.202617101282220033e-03 2.226582514303889794e-03
9.640000000000000000e+02 2.183717962153869981e-03 1.184513608425929966e-03
1.249000000000000000e+03 -1.575465094080169938e-03 -1.072503453184660060e-04
1.324000000000000000e+03 -2.822923632283340020e-03 2.436900661705549819e-03
1.342000000000000000e+03 -2.978783392427550129e-03 1.324183924429310055e-03
1.385000000000000000e+03 -5.474163974585509668e-05 -9.912074201339641025e-04
1.434000000000000000e+03 1.339157748235239934e-04 2.411912148839890063e-03
1.499000000000000000e+03 2.666963800125690155e-03 1.668383770280619949e-03
1.922000000000000000e+03 5.353973731436680473e-04 4.776201679190989792e-04
2.157000000000000000e+03 7.865357537427790651e-05 -1.359506152851609967e-03
2.262000000000000000e+03 1.950662898321490037e-03 -2.008860183419009914e-03
2.403000000000000000e+03 1.403276044302609934e-03 2.407978685990029826e-03
2.507000000000000000e+03 1.182996792456680098e-03 1.706513863057779916e-04
2.903000000000000000e+03 -8.872128806493949490e-04 -2.050490368833769814e-03
3.043000000000000000e+03 1.338452040829149915e-03 -1.294553982172259908e-03
3.341000000000000000e+03 -2.963303458577129859e-03 -2.313851351033719903e-03
3.526000000000000000e+03 -2.334449832534839838e-03 -9.104866446156390349e-04
3.611000000000000000e+03 4.721722854714709844e-04 1.070183585670260061e-03
4.060000000000000000e+03 -1.465429455065170089e-03 1.854557578532219910e-03
4.197000000000000000e+03 1.014412692090770019e-03 -3.844963224034160027e-05
4.469000000000000000e+03 -2.358951952272069982e-03 -9.122709064991239934e-04
4.471000000000000000e+03 1.930584144715769912e-03 -1.879489052863619978e-03
4.521000000000000000e+03 1.800406433348269975e-04 1.630409119315380040e-03
4.693000000000000000e+03 -3.056776542801720002e-03 -9.877266151197049236e-04
5.387000000000000000e+03 2.077700870667179879e-03 -8.426810557427909893e-04
5.451000000000000000e+03 -1.693079176919650049e-03 4.356310769760210065e-04
6.070000000000000000e+03 5.421493896840190105e-04 1.354611141565690083e-03
6.459000000000000000e+03 1.897913978776010098e-04 -2.258897392916959981e-03
6.462000000000000000e+03 1.760570922184389979e-03 -3.761250432907560113e-04
6.665000000000000000e+03 1.013811954815120077e-03 -4.269713176218290136e-04
6.734000000000000000e+03 1.612146124340560049e-03 1.236391612917850033e-03
6.809000000000000000e+03 -2.395143868811220201e-03 -1.011685357691129985e-03
6.880000000000000000e+03 4.557565262133990045e-04 1.488331207538120008e-03
6.881000000000000000e+03 1.737318296810870001e-03 1.096239733175219909e-03
7.407000000000000000e+03 -1.694128173316009967e-04 1.875034992479539990e-03
8.307000000000000000e+03 1.405699953582039991e-03 1.828987887132479907e-03
8.308000000000000000e+03 1.588511078880159915e-03 1.765883385960889977e-03
