8.000000000000000000e+00 2.440238271784730094e-03 -1.866880379737819980e-03
2.910000000000000000e+02 3.053309664230449759e-05 1.814446366491969959e-03
1.927000000000000000e+03 -1.436342816982480106e-03 2.950768891323709924e-04
2.163000000000000000e+03 -8.245374679249300282e-05 -1.510409676779270096e-03
3.083000000000000000e+03 -1.498702759483810020e-03 -2.200209989739590043e-03
3.396000000000000000e+03 2.182666478572539877e-03 5.213234273728089858e-04
4.072000000000000000e+03 -1.179646039002729989e-03 -2.168951176132829801e-03
4.106000000000000000e+03 -2.442037786315760101e-03 -7.529910706762340178e-04
4.299000000000000000e+03 5.717919027265650368e-04 -3.892139257643999965e-04
4.539000000000000000e+03 2.211941566773080112e-03 -2.206265624158070069e-03
4.978000000000000000e+03 -2.813322623241109807e-03 -3.351884721320739862e-04
5.070000000000000000e+03 2.422759684777319941e-03 -1.779063906571259901e-03
5.123000000000000000e+03 -2.786419033343129955e-03 -6.490301062372499930e-04
5.173000000000000000e+03 6.349629402284189764e-04 -1.876800075969089880e-04
5.219000000000000000e+03 -3.060068235994399793e-03 8.508536365755730094e-04
5.342000000000000000e+03 -1.386989534330839921e-03 -2.894623868513360003e-04
5.397000000000000000e+03 -1.254305864588830047e-03 -1.406161415035889943e-03
5.517000000000000000e+03 -1.388320076036140020e-04 1.207238967711520092e-03
5.962000000000000000e+03 2.445009000476359995e-03 3.153336002369999804e-05
6.243000000000000000e+03 -1.287979305735309976e-03 -2.303187183347999920e-03
6.400000000000000000e+03 -2.202670052988249961e-03 7.932368909245070265e-04
6.483000000000000000e+03 4.320534448797419915e-04 2.781713169833239922e-04
6.612000000000000000e+03 -1.731396333558919915e-03 6.343080443702449854e-04
6.747000000000000000e+03 1.474989852083090076e-04 1.948234881624660072e-03
7.606000000000000000e+03 3.051349326578310043e-03 -3.397650273384659743e-04
7.607000000000000000e+03 -1.587262358733519977e-03 1.272666851877300026e-03
7.876000000000000000e+03 -9.507584505969539617e-04 -1.874804161764409907e-03
7.963000000000000000e+03 -1.022245463691000061e-03 -1.312265724664359945e-03
8.049000000000000000e+03 1.233975556580910052e-03 8.351284867321429774e-06
8.107000000000000000e+03 -2.803333007459570154e-03 1.464374996163099983e-03
8.770000000000000000e+03 2.560344307198840139e-03 -5.640699382945309898e-04
