3.000000000000000000e+00 -4.066690982539689653e-06 1.928857289269769997e-03
1.100000000000000000e+01 2.534052004397759884e-12 -3.203714428167409888e-12
2.100000000000000000e+01 -2.627097524783420062e-06 1.927651088145270006e-03
7.700000000000000000e+01 -2.645233244008329907e-03 -2.055924672932370190e-03
2.060000000000000000e+02 1.806769131999420028e-03 2.133762675464710191e-03
7.710000000000000000e+02 -1.859662978082489990e-03 6.862891774620800533e-04
9.460000000000000000e+02 8.111604569358640436e-04 -2.066523432965059869e-03
9.470000000000000000e+02 2.261463895226789849e-03 -1.498951024198440013e-03
1.143000000000000000e+03 1.480979351847070032e-03 -4.256958091774360169e-05
1.186000000000000000e+03 -3.059239105070269815e-03 -1.346350483908469945e-04
1.474000000000000000e+03 -9.720504694133570538e-04 9.179286789573450284e-04
1.719000000000000000e+03 -1.515389623303820031e-03 4.036713940601690219e-04
2.098000000000000000e+03 2.661745311957989797e-04 9.005125050063059926e-04
2.120000000000000000e+03 -2.208490765890479962e-03 -1.814434805898439964e-03
2.347000000000000000e+03 2.221650422652119827e-03 -1.451130775582140089e-03
2.448000000000000000e+03 8.822413771891519539e-04 2.247889821213449983e-03
2.517000000000000000e+03 -4.181693500036380248e-04 -1.325423643412929975e-03
3.139000000000000000e+03 -2.992073936527660152e-03 9.686194691660420257e-05
3.318000000000000000e+03 8.751837827893280131e-04 -1.243219200163439911e-03
3.438000000000000000e+03 2.844186744340650164e-03 -2.076085454855959838e-03
3.878000000000000000e+03 2.598230480399739938e-03 1.025667686883459905e-03
4.030000000000000000e+03 2.053277307541779857e-03 -7.646324817477019586e-04
4.224000000000000000e+03 2.214904707383769794e-03 1.451448795714530005e-03
4.271000000000000000e+03 3.037623749974170152e-03 1.696873330350380082e-03
4.310000000000000000e+03 -2.542164224516839984e-03 1.447321041267509920e-03
4.445000000000000000e+03 -2.896173228153190067e-03 -1.183441233954199900e-03
4.446000000000000000e+03 2.518962585228289898e-03 2.427185555506400100e-03
4.668000000000000000e+03 -1.786496994024039994e-03 -3.385783015302700144e-04
4.830000000000000000e+03 2.565817621788119875e-03 3.202536558863670261e-04
5.037000000000000000e+03 -8.624062534889239936e-04 -1.636474447550299947e-03
5.085000000000000000e+03 -1.286863722828459917e-03 -1.497077049178999935e-03
5.086000000000000000e+03 -2.357787608851490135e-03 -8.835727945586400230e-04
5.351000000000000000e+03 2.627240646251330098e-03 -1.730779690270889924e-03
5.527000000000000000e+03 2.243606011703180077e-03 -1.250398959952500090e-03
5.530000000000000000e+03 -2.575626191242230082e-03 1.800128416091610075e-04
5.595000000000000000e+03 -1.044691430086140032e-03 2.194470611746870189e-03
5.596000000000000000e+03 -2.310252568063489963e-03 2.187490591051660140e-03
5.833000000000000000e+03 -2.602323707569300162e-03 -9.478841841550310343e-04
6.262000000000000000e+03 3.446930100522379876e-04 -2.346874113959790051e-03
6.265000000000000000e+03 -2.480072684155940066e-03 -3.116966716674819736e-04
6.347000000000000000e+03 -9.793707466900550794e-04 2.024340680411290151e-03
6.416000000000000000e+03 8.050231871369959834e-04 -2.070592258681380141e-03
6.420000000000000000e+03 -1.844102707916460068e-03 2.434111252446270138e-03
6.499000000000000000e+03 2.383114747799930030e-03 1.783641006341479894e-04
7.099000000000000000e+03 -1.931029615429709920e-03 1.911653483732259897e-03
7.353000000000000000e+03 -5.179595569659960208e-04 1.981226382119509910e-04
7.445000000000000000e+03 1.956220217799620187e-03 -2.235717366999399967e-03
7.532000000000000000e+03 2.584591657374059933e-03 -9.298708718692519923e-04
7.632000000000000000e+03 2.374643048559289902e-03 1.400375520936850008e-03
7.716000000000000000e+03 -3.506691861586789800e-04 1.678340706141799935e-03
7.798000000000000000e+03 1.183267907764830101e-03 4.293347046646870269e-04
7.901000000000000000e+03 9.237106883424540038e-04 2.157581509544199798e-03
8.154000000000000000e+03 -2.224964479047890180e-03 -1.523544672024810089e-03
8.157000000000000000e+03 -3.064953060783259862e-04 9.096526399704639898e-05
8.247000000000000000e+03 -5.177189244028390170e-04 -1.582248309573749956e-03
8.538000000000000000e+03 -6.826796881359049754e-04 1.291691239482019912e-03
8.631000000000000000e+03 5.093568403754819649e-04 -9.709221520308439538e-05
