1.400000000000000000e+01 6.071704269243199885e-12 -4.219060152336640316e-12
1.132000000000000000e+03 -2.116629482151979880e-03 -8.137254137739669728e-04
1.184000000000000000e+03 2.860373935173619788e-03 1.475084121600559904e-03
1.200000000000000000e+03 1.459664757826949905e-03 1.535266137839519937e-03
1.680000000000000000e+03 -1.955804568592320151e-03 6.760504103177810342e-04
1.707000000000000000e+03 2.585241412382300024e-03 3.644994782242759967e-04
1.959000000000000000e+03 1.063002888316550050e-03 -1.532237863072940035e-03
2.076000000000000000e+03 -8.680121692679939726e-04 3.619633076928080039e-04
2.202000000000000000e+03 4.126317012630390121e-04 5.583614327133339713e-04
2.447000000000000000e+03 2.353472757932159858e-03 1.677922040698330000e-03
2.853000000000000000e+03 -9.850335006528110511e-04 2.066505067167909854e-03
2.957000000000000000e+03 8.896885193705899621e-04 1.802587447682420024e-03
3.091000000000000000e+03 4.358681832785169918e-04 -1.981999251173070103e-03
3.635000000000000000e+03 -2.656830850938830032e-03 -7.566778199927410046e-04
3.912000000000000000e+03 -1.967066588119680080e-03 -1.741711668101850055e-03
4.308000000000000000e+03 -1.960914562069710019e-03 -1.913444033080900037e-03
4.666000000000000000e+03 4.221147519387089886e-05 1.351315420579829929e-03
4.827000000000000000e+03 7.961582232708220132e-04 -1.498035462224269919e-03
5.035000000000000000e+03 2.330508365864489978e-03 -2.376297603129459875e-03
5.295000000000000000e+03 -1.998172935314060025e-03 1.425572711518749902e-03
5.664000000000000000e+03 -1.937000757914380047e-03 -8.819111840403699460e-04
6.341000000000000000e+03 3.051177877723220029e-03 2.058655506849880155e-03
7.094000000000000000e+03 5.703427600704649497e-04 -1.766422776287759899e-03
7.482000000000000000e+03 2.259991372798870156e-03 -2.018921530506230001e-03
