4.000000000000000000e+00 -1.909775922665729872e-12 -3.367400901171030146e-13
2.930000000000000000e+02 2.108696073975810034e-03 1.593628148428889984e-03
6.290000000000000000e+02 -2.516424162500160207e-03 1.030454854333270019e-03
7.020000000000000000e+02 5.090540043799679547e-04 1.647898401228589920e-03
7.380000000000000000e+02 1.398657636042000083e-03 -1.285419675379379911e-03
7.620000000000000000e+02 3.819512487844179825e-04 7.550341735552420315e-04
1.647000000000000000e+03 -4.951669853957739930e-04 5.437892689652570020e-04
1.870000000000000000e+03 -1.436917617143990112e-04 -1.112007605349430014e-03
2.080000000000000000e+03 -4.712431067249029911e-04 5.519872564420909636e-04
2.124000000000000000e+03 2.462773423202729937e-03 1.650509713362099951e-03
2.125000000000000000e+03 2.171373687293409998e-03 2.263279138255590121e-03
2.498000000000000000e+03 -4.713321847057919817e-04 5.522595483249200139e-04
2.612000000000000000e+03 2.295310723316049909e-03 3.753502900463180072e-04
2.742000000000000000e+03 -1.504352455901409973e-03 1.222825946661049981e-03
2.824000000000000000e+03 1.372368783114660037e-03 -2.342979867249839893e-03
3.063000000000000000e+03 1.326350485828490080e-03 -2.174170514123109979e-03
3.100000000000000000e+03 -1.205540243925210062e-03 -1.965777017589489910e-03
3.146000000000000000e+03 4.926937014657570019e-04 1.574335748032759923e-03
3.512000000000000000e+03 2.843462706698740051e-03 1.156801076498639941e-03
3.556000000000000000e+03 3.859315971426580225e-04 7.585387640599380475e-04
4.510000000000000000e+03 -1.425010494733439971e-04 1.811483570984249915e-03
4.677000000000000000e+03 2.351856458741469983e-03 1.615854686934139898e-03
4.999000000000000000e+03 2.631240867871560175e-03 -1.878542891925109913e-03
5.051000000000000000e+03 -4.954435354757010315e-04 5.436861829856990064e-04
5.096000000000000000e+03 1.755675581010039937e-03 1.964694512366770007e-03
5.238000000000000000e+03 2.919546525309690138e-04 -2.011928958620610042e-03
5.310000000000000000e+03 8.510139200117199836e-04 7.434074439659479547e-04
5.369000000000000000e+03 2.842903942133330041e-03 1.547178367547079976e-03
5.432000000000000000e+03 -1.284967718992959928e-03 5.447870622298840336e-04
5.604000000000000000e+03 1.888816488857220088e-03 1.760733294672609884e-04
5.605000000000000000e+03 7.172562526185859806e-04 1.433787174533990077e-03
5.792000000000000000e+03 -6.871714378796679474e-04 -1.782843883170589930e-03
5.847000000000000000e+03 -3.973651334799820057e-04 2.961823503227179895e-05
6.278000000000000000e+03 -1.184455140323279962e-03 1.628694838408319958e-03
6.433000000000000000e+03 -1.908414742325149904e-03 -3.510600387151090163e-04
6.571000000000000000e+03 -9.630779120665140108e-04 4.887822161518909928e-05
6.852000000000000000e+03 -1.360789739459019893e-03 1.023793223925429903e-03
7.023000000000000000e+03 -2.539537114142550144e-03 -2.129771895768449788e-03
7.460000000000000000e+03 -7.380935302835860265e-04 -2.155647958350139816e-03
7.814000000000000000e+03 4.605844662900739832e-04 -2.292751300857329925e-03
7.817000000000000000e+03 1.917396676670820102e-04 -1.088496313158740037e-03
7.999000000000000000e+03 3.015827218223539937e-03 9.833331335539930319e-04
8.092000000000000000e+03 -5.705628716643069672e-04 1.812671381695049990e-03
8.261000000000000000e+03 -3.194136967173530264e-04 4.869529384044060162e-04
8.558000000000000000e+03 1.653699407930669940e-03 7.657030245009359588e-04
8.743000000000000000e+03 1.292736132338679895e-04 3.063121374567269808e-04
8.851000000000000000e+03 -1.649797505032069922e-03 2.154379747212540209e-03
