1.500000000000000000e+01 -4.988577442262479724e-12 4.185913810034950139e-12
1.360000000000000000e+02 2.611535438806689952e-05 1.000006647032560024e-03
1.520000000000000000e+02 2.269961846205360151e-03 -1.970503635175239847e-03
1.570000000000000000e+02 3.883179146928380219e-04 -7.956949613045910530e-04
8.460000000000000000e+02 -1.608835255681180087e-03 -1.484705924398760021e-03
9.830000000000000000e+02 -5.436386241156489609e-04 -1.243841046571210083e-03
9.880000000000000000e+02 1.702663116853400096e-03 -5.396310340706030528e-04
9.980000000000000000e+02 3.892556433169480244e-05 -1.313190894581239918e-03
1.260000000000000000e+03 1.436211549312550045e-03 5.448988135219809810e-05
1.261000000000000000e+03 -4.299075186568330196e-04 -3.893460868247320241e-04
1.563000000000000000e+03 1.847895735082320107e-03 -1.790204409245329999e-03
1.827000000000000000e+03 2.201050307815579851e-03 -1.004988551713070040e-04
2.468000000000000000e+03 1.595176591122550013e-03 -1.342423986378440005e-03
2.555000000000000000e+03 1.265021484567819968e-03 8.069427183243429872e-04
2.556000000000000000e+03 1.265347797799049913e-03 8.073767966939959882e-04
2.668000000000000000e+03 1.955665958501320075e-03 -2.439610417868380132e-03
2.858000000000000000e+03 1.973704621199029886e-03 9.112230029416770261e-04
3.098000000000000000e+03 -2.813444513866370043e-03 -1.346211310795200058e-03
3.187000000000000000e+03 -2.995174173953939981e-03 7.269435224315789774e-04
3.321000000000000000e+03 2.577633668883159979e-03 -2.114719620842889832e-03
3.473000000000000000e+03 1.837973176877079947e-03 -3.726651293371420134e-04
3.773000000000000000e+03 -5.437509639464480158e-04 -1.244198544259830091e-03
3.775000000000000000e+03 -2.688935940594479844e-03 1.547441771723899939e-03
4.315000000000000000e+03 8.406651261824390521e-04 -2.221918996274489799e-03
4.505000000000000000e+03 1.028372261486680019e-03 -2.411444417347230126e-03
4.506000000000000000e+03 -2.643379306504449813e-03 1.566865160477229997e-03
4.622000000000000000e+03 2.930895918452490045e-03 1.337184456471410092e-03
4.994000000000000000e+03 -5.485051359294509845e-04 1.675962667954760104e-03
5.361000000000000000e+03 8.409845376367879781e-04 -1.224231227258049939e-03
5.419000000000000000e+03 2.766443123044309924e-03 -6.849642887847770534e-04
5.424000000000000000e+03 -1.471202551000990073e-03 1.328015742840750110e-04
5.477000000000000000e+03 -1.176463998294820007e-04 1.593725468418870036e-04
5.917000000000000000e+03 2.936263968718840107e-03 -1.791771180098909906e-03
6.424000000000000000e+03 1.501238594529240083e-03 -2.154419701157329978e-03
6.636000000000000000e+03 -2.569310820945879849e-03 -1.274823337444629980e-03
7.174000000000000000e+03 1.117274456559480024e-03 -2.005279570628570006e-03
8.080000000000000000e+03 6.429627072423389810e-04 -1.656086112649630048e-03
