8.000000000000000000e+00 2.659183811893190081e-12 6.739053508997609905e-12
1.500000000000000000e+02 -1.712023063745019913e-03 -7.759863183394079961e-04
7.420000000000000000e+02 -1.935389072153240013e-03 -5.766009121989740466e-04
7.990000000000000000e+02 2.041285093252040092e-03 1.932830665753760028e-03
1.595000000000000000e+03 -2.175057233538240167e-03 -7.783241475703419569e-04
1.884000000000000000e+03 1.882173979364739919e-03 7.574740087837990516e-04
2.142000000000000000e+03 -1.125422242680989941e-03 -8.903663493637280170e-04
2.143000000000000000e+03 1.089379661616449906e-03 -1.233837351332329980e-03
2.163000000000000000e+03 -2.025300731240950013e-03 1.535755590621259992e-03
2.272000000000000000e+03 1.940620047023159994e-03 1.510609940648709962e-03
3.122000000000000000e+03 2.563822358000760002e-03 -2.102065082369979944e-03
3.176000000000000000e+03 5.653786856147039602e-04 -9.141684689567170256e-04
3.396000000000000000e+03 9.500550608318700284e-04 2.198369720525730157e-03
4.175000000000000000e+03 -2.024529961975080061e-03 -1.993998037951620009e-03
4.209000000000000000e+03 5.720750657652050363e-04 -7.923307350500110365e-04
4.299000000000000000e+03 -9.024242940088490371e-04 2.195883966387670010e-03
4.480000000000000000e+03 2.697402691150420210e-04 -2.416962663507799848e-03
4.538000000000000000e+03 -1.521522002040049965e-03 -1.699796930448899948e-03
4.539000000000000000e+03 -3.625248913396439941e-04 -1.825904767704840121e-04
4.812000000000000000e+03 7.412906873625050479e-04 -5.096456726713050307e-06
5.070000000000000000e+03 2.775198355812209924e-05 8.406308291782639802e-05
5.173000000000000000e+03 -7.480917553706940447e-04 2.341611721376900008e-03
5.397000000000000000e+03 -3.010996884666679915e-03 2.206481466808640074e-03
5.962000000000000000e+03 9.352010836633369798e-04 1.641964361999249901e-03
6.091000000000000000e+03 1.225730476957429893e-03 8.871317941571930108e-04
6.320000000000000000e+03 2.211931743194880083e-03 -3.635716858527819899e-04
6.824000000000000000e+03 -2.390530177133419996e-03 2.717890622680289858e-04
7.511000000000000000e+03 2.355065780907899912e-03 1.238031200125179997e-03
7.606000000000000000e+03 1.274983223747410072e-03 1.023854151264280005e-03
7.689000000000000000e+03 -2.693795667689609895e-03 -4.924422119740519714e-04
7.690000000000000000e+03 -2.851127029367669929e-03 -4.085100284103550185e-04
7.761000000000000000e+03 -2.763114107481339909e-03 7.153967484665729596e-05
7.763000000000000000e+03 2.549841593936660010e-03 4.237659551099810058e-04
7.876000000000000000e+03 -2.969352002019410002e-03 1.644033457052840059e-03
7.879000000000000000e+03 2.907170754515779870e-03 2.044898103424099868e-03
7.963000000000000000e+03 -2.759289041072020190e-03 2.173998452478760092e-03
8.049000000000000000e+03 -1.278750466673209997e-04 2.217307986592509904e-03
8.295000000000000000e+03 1.227121074652949909e-03 -2.409807989882520058e-03
8.506000000000000000e+03 1.336900137628890079e-03 7.380912834114369966e-05
8.770000000000000000e+03 7.415602194075990175e-04 1.068005220792189996e-03
