1.600000000000000000e+01 -2.423996954253489965e-13 -4.198596904461729960e-13
2.400000000000000000e+01 1.205131353850610040e-05 -1.969986314698050130e-03
1.480000000000000000e+02 1.168800577449929938e-05 -1.969875195554319971e-03
3.130000000000000000e+02 8.674273264014440007e-04 1.329570224038480013e-03
4.040000000000000000e+02 1.670591068214870084e-03 -8.931828987431179737e-04
5.630000000000000000e+02 1.034271390717969932e-03 -3.729190955594199674e-05
6.240000000000000000e+02 4.701750967226499939e-04 -2.200250641813960000e-03
6.690000000000000000e+02 -2.148802955430619837e-05 -4.200346308898499754e-04
1.502000000000000000e+03 -1.489019538958889950e-03 9.388784395160889749e-04
1.578000000000000000e+03 -4.185949649418450121e-04 8.694157866083229757e-04
1.637000000000000000e+03 1.307619819243310008e-03 -7.268686462741420383e-04
1.674000000000000000e+03 2.503564279630820025e-03 4.592440814115429728e-06
1.749000000000000000e+03 1.299750562671310060e-03 -8.259970518164579979e-04
1.885000000000000000e+03 -2.817195063912909889e-03 1.897931231912459993e-03
1.904000000000000000e+03 -1.352973103509800060e-03 -1.942916773007799958e-03
2.141000000000000000e+03 2.987370278946980141e-03 1.576269829867650010e-03
2.271000000000000000e+03 5.915252088902680106e-04 7.885182500229389723e-04
2.384000000000000000e+03 1.789535703651230032e-04 -1.595812049928759966e-03
3.280000000000000000e+03 -2.688729148249720171e-03 6.386888233503760452e-04
3.717000000000000000e+03 -1.630806077734389941e-03 2.143578586722589933e-03
3.807000000000000000e+03 2.446023743906480113e-03 -1.445798490287270076e-03
3.960000000000000000e+03 1.804095647864699956e-03 -8.947196385345909620e-04
4.300000000000000000e+03 -7.718638411374269823e-04 1.747295162113939948e-03
4.603000000000000000e+03 1.473356953591000102e-03 1.676954355284089940e-03
5.218000000000000000e+03 -1.104487492497200057e-03 -2.384051928131649973e-03
5.278000000000000000e+03 -1.595216094234810054e-03 -1.714099763114700081e-03
6.014000000000000000e+03 -4.372268755431180185e-04 -1.761480063058859947e-03
6.088000000000000000e+03 3.003016791946849957e-03 7.852400551697640311e-04
6.089000000000000000e+03 1.357513197572420092e-03 1.131611507427509981e-03
6.242000000000000000e+03 1.538012457601290036e-03 -2.455936377631579796e-03
6.244000000000000000e+03 7.850255890875489908e-04 2.013040318154819992e-03
6.322000000000000000e+03 -1.615631148393419916e-03 1.136386868812420091e-03
6.482000000000000000e+03 -2.431604450962219794e-03 -2.352607977448149812e-03
6.551000000000000000e+03 1.402167967376930034e-03 2.034167996094880110e-03
7.149000000000000000e+03 -7.788974924612720313e-04 1.902066431425659954e-03
7.334000000000000000e+03 -2.926712649769369970e-03 -2.089203058971029862e-03
7.513000000000000000e+03 -4.042183710161190028e-04 2.451442725667930117e-03
7.663000000000000000e+03 1.485980553653240034e-03 -6.507795362207139745e-04
7.693000000000000000e+03 1.408950829375690047e-03 1.030802908221970004e-03
7.871000000000000000e+03 2.647453818399929989e-03 -9.434411338657410244e-04
7.964000000000000000e+03 -1.677442390643680073e-03 2.001020902085419873e-03
8.504000000000000000e+03 3.070952053405150151e-03 -2.014534417530200201e-03
8.508000000000000000e+03 -2.271486861064140206e-03 7.048184875595970384e-04
