1.000000000000000000e+00 7.111776733040780339e-12 -2.228652650842900038e-13
4.700000000000000000e+01 -2.200966442788799930e-03 -9.733461591503489744e-04
4.920000000000000000e+02 -6.661474233927179838e-04 -1.248877668530920092e-03
5.620000000000000000e+02 5.990365177715269900e-04 2.178607632383039970e-03
5.840000000000000000e+02 1.850958216083199931e-03 7.844131587389879638e-04
7.970000000000000000e+02 1.156333062672600023e-03 4.589103666610840044e-05
8.360000000000000000e+02 -6.250868402780500061e-04 -7.882261489564989891e-04
1.105000000000000000e+03 1.319975870665700051e-03 -1.293109077871980100e-03
1.305000000000000000e+03 -8.067445506415950101e-04 9.953651707350500213e-04
1.306000000000000000e+03 1.115727233467009999e-03 -1.365094559066609920e-03
1.554000000000000000e+03 9.429671090806930047e-04 1.344442856855790043e-03
1.925000000000000000e+03 -2.818726740074909906e-03 -5.919416104716389683e-04
1.951000000000000000e+03 -1.776528096445889994e-03 1.596609921051300035e-03
2.067000000000000000e+03 -2.613115507887519857e-03 1.822207174175759919e-03
2.245000000000000000e+03 3.729259777260380166e-06 1.015708454530050032e-03
2.297000000000000000e+03 -5.809279077293909917e-05 8.407097165562370114e-04
2.542000000000000000e+03 2.767002473882959959e-04 7.443028201072310031e-04
2.881000000000000000e+03 -2.476889060171419844e-03 -1.935300539929799913e-03
3.174000000000000000e+03 -2.884550210080790052e-03 1.659319442699039998e-03
3.392000000000000000e+03 1.006629001986810009e-03 -8.544624494333989771e-04
3.580000000000000000e+03 -7.449664098576000166e-04 -9.985503262186169651e-04
3.858000000000000000e+03 -1.636007817685340097e-03 -6.396743885159919627e-04
3.955000000000000000e+03 -2.313241541656360124e-03 -2.332080619888840176e-03
3.958000000000000000e+03 5.637454433248070308e-04 -6.568606845006410601e-05
4.070000000000000000e+03 1.280286134844750004e-03 -1.418639964267230050e-03
4.206000000000000000e+03 3.007565618798069881e-03 -1.376460169361849988e-03
4.346000000000000000e+03 -2.762653605829570001e-03 -2.136171601134529818e-03
4.758000000000000000e+03 -1.133946981409860106e-03 1.302240583804340022e-03
4.869000000000000000e+03 -2.999253826677750027e-03 -5.414913931955830364e-04
4.977000000000000000e+03 -2.913447561420679909e-03 -1.359428824528550019e-03
5.116000000000000000e+03 -6.619287387382560015e-04 -1.893558823581839871e-04
5.272000000000000000e+03 -2.865270854537940032e-03 2.020740350859789934e-04
5.340000000000000000e+03 2.496079940853439868e-03 6.147034589982660171e-04
5.396000000000000000e+03 5.150814069438300032e-04 -1.817903157476810075e-03
5.463000000000000000e+03 2.377328592289589936e-03 -1.975494488469219882e-03
5.639000000000000000e+03 -1.066314649050629929e-03 1.464424957627350008e-03
5.766000000000000000e+03 -2.469144248695689849e-03 1.207309007765390053e-03
5.767000000000000000e+03 1.004631705571729918e-03 -8.105133067135059490e-04
5.956000000000000000e+03 -1.797420883132519898e-03 1.254517338629009948e-03
6.397000000000000000e+03 2.712267376916830189e-03 -4.408438220050010206e-04
6.546000000000000000e+03 -2.344264709119820139e-03 2.877722249069450053e-04
6.608000000000000000e+03 1.829908058137940090e-03 -1.865309911730420002e-03
6.679000000000000000e+03 -1.731331180741819964e-03 2.154226086160510121e-03
7.064000000000000000e+03 1.780335747911239962e-03 -1.230733893095300102e-03
7.201000000000000000e+03 -2.078400899265379822e-03 5.498808336774700352e-04
7.483000000000000000e+03 -2.914724424647920174e-03 1.633471686658879984e-03
7.866000000000000000e+03 -8.571518474314390474e-04 -2.029953267120770087e-03
8.318000000000000000e+03 -1.327680007020920006e-03 -1.358770815052370027e-03
8.703000000000000000e+03 1.939001057170060011e-03 2.237010955753409788e-03
