4.600000000000000000e+02 -3.983339917553529812e-04 -1.837268120045759982e-03
8.920000000000000000e+02 2.550991450264389966e-04 2.381565715091019803e-03
9.660000000000000000e+02 -2.748198697723669946e-03 2.439700209721049930e-03
1.166000000000000000e+03 2.023266728210789973e-03 2.116752755998540202e-03
2.488000000000000000e+03 -2.922178877960240201e-03 1.845021817943409909e-03
2.489000000000000000e+03 -5.359898120926739852e-05 8.432892563500839515e-04
2.515000000000000000e+03 -2.589552403984480156e-03 2.195362590841369935e-03
2.816000000000000000e+03 1.570609732593319929e-03 -1.313703109915429977e-06
2.917000000000000000e+03 1.873189031210009984e-03 2.045671972857520012e-03
3.086000000000000000e+03 -2.243506093734240134e-03 1.774181144801000021e-04
3.354000000000000000e+03 -1.534946991138599936e-03 -2.536338281944029932e-04
3.812000000000000000e+03 -1.013530959038649989e-05 -1.589573206812679878e-04
4.214000000000000000e+03 1.974872350311540105e-03 -1.681029440164119896e-03
4.304000000000000000e+03 -2.925722327843320158e-03 1.202425508489299950e-03
4.394000000000000000e+03 -1.796417170487509983e-03 2.859382928756010081e-04
4.436000000000000000e+03 1.762005552626650035e-03 2.105113787297890112e-03
4.549000000000000000e+03 2.704288968594490208e-03 1.643451183875399915e-03
5.287000000000000000e+03 1.538700998337249942e-03 -9.799331430127499690e-04
5.721000000000000000e+03 -1.920013024405420104e-03 1.958395788620470070e-03
6.490000000000000000e+03 6.338408769192469504e-04 8.300219406053230276e-04
6.620000000000000000e+03 -1.476296997357030068e-03 -2.042003031842399945e-03
7.618000000000000000e+03 2.237138295864000027e-03 2.827454932732760030e-04
7.969000000000000000e+03 2.262239959937659833e-03 -1.917111514480000041e-03
8.418000000000000000e+03 1.649251528000110012e-03 -2.653892225982749800e-04
8.520000000000000000e+03 1.270294069919130102e-03 8.991738409114770261e-04
8.613000000000000000e+03 2.085592822884639935e-05 -9.894899535576760427e-04
