2.330000000000000000e+02 2.527213952255150109e-03 -1.944507483962750025e-04
3.460000000000000000e+02 -1.717664287030500102e-03 2.001813033584249821e-03
1.020000000000000000e+03 -2.303281498211350118e-03 2.244197407576279876e-03
2.171000000000000000e+03 1.709343990356099966e-03 -2.274530675588339913e-03
2.790000000000000000e+03 6.422856708512509954e-04 -2.832269469103700218e-04
3.682000000000000000e+03 -4.300297094201570173e-04 -2.013866094953800038e-03
3.686000000000000000e+03 2.057698075413040128e-03 1.670066633146699998e-03
3.771000000000000000e+03 2.380059850995840109e-03 2.124997715496370048e-03
4.222000000000000000e+03 -2.755716551120379870e-03 2.377716108196820197e-03
4.503000000000000000e+03 2.542784036762770102e-03 5.701045552807790283e-04
4.620000000000000000e+03 1.159778685604179963e-03 1.567158921471099918e-04
4.881000000000000000e+03 -2.626216233528299790e-03 8.568475154230569815e-04
4.992000000000000000e+03 2.157894040047069872e-03 1.110853654131089977e-03
5.666000000000000000e+03 -4.793115865133420225e-04 1.391535117673330015e-03
6.768000000000000000e+03 -4.506223354039489955e-04 9.764707059917010067e-05
6.770000000000000000e+03 9.812691446264020271e-05 5.529240197661579965e-04
7.102000000000000000e+03 2.494383711110619798e-03 1.200615422985709972e-03
8.253000000000000000e+03 3.037190524494129927e-03 -2.317630660200169918e-03
8.342000000000000000e+03 -2.809363962677580064e-03 -4.257811361336900089e-04
8.534000000000000000e+03 -1.732784112564789971e-03 -2.173586335826290037e-04
8.539000000000000000e+03 -3.181731721318979732e-04 -1.283811607370489993e-03
8.632000000000000000e+03 -1.289194404736050030e-03 -2.219826612876390094e-03
8.727000000000000000e+03 -2.222166337275859830e-03 7.932061602524110265e-04
