3.100000000000000000e+01 -1.454099340936209900e-12 -9.696181205009979853e-14
3.200000000000000000e+01 4.956288755056149648e-04 -3.233552385144430018e-04
7.000000000000000000e+01 -4.591066240313979854e-04 6.551063103086189957e-04
1.260000000000000000e+02 -8.497549609808560439e-05 -2.058895332831409825e-03
2.520000000000000000e+02 -1.280541900556600053e-03 -5.229635706518899864e-04
4.090000000000000000e+02 2.760702604622069828e-04 -6.102479972135239558e-04
6.330000000000000000e+02 4.957089262798279909e-04 -3.236374353730780214e-04
8.840000000000000000e+02 -2.511994642531200153e-03 1.782168800949199966e-03
9.420000000000000000e+02 2.607830943680819902e-03 -8.245359954387799541e-04
9.550000000000000000e+02 3.247989654771230028e-04 2.329624471648600141e-03
1.005000000000000000e+03 -9.012499416007749612e-05 -1.588843106860320011e-03
1.013000000000000000e+03 -1.024768408925299992e-03 1.879839183420850025e-03
1.129000000000000000e+03 -7.069771540483560119e-04 4.766680328361359750e-05
1.151000000000000000e+03 -1.579031014017909934e-03 6.918271849385820285e-04
1.196000000000000000e+03 1.774663662480289918e-03 1.337196109549799918e-03
1.207000000000000000e+03 -1.272518511225939988e-04 -2.099389819248179828e-03
1.415000000000000000e+03 -1.252964013339329932e-03 1.332367930883139985e-03
1.438000000000000000e+03 6.839477827071739928e-04 1.168955710434259982e-03
1.500000000000000000e+03 5.052099240779920307e-04 3.180951857888850322e-05
1.575000000000000000e+03 -1.463442972729730009e-03 2.078396855567999843e-03
1.745000000000000000e+03 -1.281555650463100026e-03 9.142690496436080153e-04
1.746000000000000000e+03 -9.058384871978620602e-05 -1.842103922478950098e-03
1.859000000000000000e+03 -3.008339491328879990e-03 -1.435535000650079969e-03
1.882000000000000000e+03 -1.022640654502799973e-04 -1.830542616184320038e-03
2.091000000000000000e+03 2.475740553636290170e-03 7.671390135733529604e-04
2.140000000000000000e+03 -6.049981155085110238e-05 -1.596593897669650085e-03
2.190000000000000000e+03 3.063940971239170058e-03 -2.432321958595249928e-03
2.360000000000000000e+03 -2.113109246630309930e-04 2.173564739249780105e-03
2.376000000000000000e+03 -1.862922019474240075e-03 1.662644047183339932e-03
2.377000000000000000e+03 -3.843361174967650177e-04 -1.702156589232159943e-04
2.436000000000000000e+03 -2.933269552852259807e-04 1.996978262702949917e-05
2.717000000000000000e+03 -5.431498765776370148e-04 1.965271006120439864e-03
3.348000000000000000e+03 -1.302900593266599866e-04 -2.102574206932340036e-03
3.424000000000000000e+03 -1.604441527907080100e-03 7.067266828829109945e-04
3.534000000000000000e+03 -1.366192021153169942e-03 5.943861420984519533e-04
3.851000000000000000e+03 -6.880706538043029506e-04 1.306631229234730095e-03
3.854000000000000000e+03 4.151402879129449902e-05 -2.126923795016030187e-03
4.066000000000000000e+03 -7.432596316734090209e-04 -9.805029864187410262e-04
4.345000000000000000e+03 2.106002183994180182e-03 -1.498828297282979926e-03
4.475000000000000000e+03 -2.724336992450109886e-03 -5.689054201201500151e-04
4.476000000000000000e+03 -2.557548625839200108e-03 -2.137442783644809881e-03
4.477000000000000000e+03 2.430744533789119984e-03 1.331052421511029959e-03
4.530000000000000000e+03 -2.340353442832230019e-04 -1.171115969592069988e-04
4.655000000000000000e+03 5.325565491916210009e-04 6.720044178098329808e-04
4.657000000000000000e+03 1.132513490713550012e-03 1.035270001035099984e-03
4.805000000000000000e+03 2.633387278629980145e-04 -2.351046825774070082e-03
4.865000000000000000e+03 7.277751393735939957e-04 -2.449997289572880196e-03
4.866000000000000000e+03 2.025836663279760152e-03 9.489132235496209938e-04
4.915000000000000000e+03 3.602214360258230107e-04 -1.031705800667450041e-03
4.916000000000000000e+03 1.561982036201489893e-03 1.411092017240700046e-03
5.166000000000000000e+03 -2.679709033315430013e-03 9.800148440935339735e-04
5.168000000000000000e+03 1.352611414450849924e-04 -2.071434256094499809e-03
5.575000000000000000e+03 9.638144015589049547e-04 2.280892764256910003e-03
5.634000000000000000e+03 -2.867210667267429923e-03 7.729666593540680201e-04
5.635000000000000000e+03 -2.485296824883730018e-03 1.388646840134500054e-03
5.762000000000000000e+03 -1.350089146635699957e-03 9.035149513367989526e-04
5.880000000000000000e+03 -2.286066937318990012e-03 -9.293927870212840485e-05
5.948000000000000000e+03 -1.138980903963589903e-03 7.518974772404270418e-04
6.136000000000000000e+03 -3.906983206769440160e-04 5.297229596297070185e-04
6.155000000000000000e+03 1.825661396768949959e-04 -1.578229739030359915e-03
6.233000000000000000e+03 -6.428461297166500506e-04 2.366759260203750003e-03
6.236000000000000000e+03 2.406611551669950080e-03 9.606332221639299557e-04
6.309000000000000000e+03 -5.296150192238720505e-04 -2.410730472188810005e-03
6.310000000000000000e+03 4.805102817057239797e-04 -7.087229653390459587e-04
6.313000000000000000e+03 2.375206040604170132e-03 1.061681626820760093e-03
6.538000000000000000e+03 -2.763469852298520123e-03 -4.651516568861940046e-04
6.540000000000000000e+03 -1.108552167190109908e-03 -1.889409036108939937e-03
6.542000000000000000e+03 -2.343572747681129992e-04 7.249586628615259701e-05
6.672000000000000000e+03 -9.167883835546450269e-05 -1.407534732761690083e-03
6.726000000000000000e+03 -1.882641366184110000e-04 5.299023019788490002e-04
6.817000000000000000e+03 2.115370286259830174e-03 -1.574510196445909989e-03
7.059000000000000000e+03 7.571785475879760008e-04 -1.798019123857100016e-04
7.060000000000000000e+03 1.071965025441309893e-03 -1.341034919466570002e-03
7.061000000000000000e+03 1.975707810181989797e-03 1.940135397632380097e-03
7.139000000000000000e+03 -1.269119006434129898e-03 1.554514871861370105e-03
7.219000000000000000e+03 -2.455179777063800067e-03 7.703863576360620068e-04
7.319000000000000000e+03 -1.816205713713400002e-03 -9.324196027028250442e-05
7.579000000000000000e+03 -9.785953314481879786e-04 1.548734045763550029e-03
7.776000000000000000e+03 -7.919700513791040099e-04 -9.198351046478430489e-04
7.777000000000000000e+03 1.348805596164319963e-03 -1.265867098729750017e-03
7.862000000000000000e+03 -8.942889275080679896e-04 1.091960507539559968e-03
7.863000000000000000e+03 -8.423198213045279782e-05 -1.842463504197690023e-03
7.952000000000000000e+03 -2.137515896442729931e-03 1.378605439018770100e-03
7.955000000000000000e+03 -6.703708597371339361e-05 -8.952702985796060116e-04
8.039000000000000000e+03 -1.720317695991509938e-03 -1.826353585746610031e-03
8.040000000000000000e+03 5.950679940807789697e-04 -7.399555166064990469e-04
8.122000000000000000e+03 -1.157302441724280010e-03 -1.269612474229420043e-04
8.290000000000000000e+03 -1.693592922747939964e-03 1.639686991862069915e-03
8.397000000000000000e+03 -7.577107509577859807e-05 -1.381149232980349991e-03
8.804000000000000000e+03 -7.117646840749749810e-04 8.750972979114409866e-04
