6.000000000000000000e+01 1.721412356920059986e-03 -7.672016233939520351e-04
2.560000000000000000e+02 2.218435152266219970e-03 -1.592783467905479946e-03
4.030000000000000000e+02 5.556625599946379617e-04 4.829364977132639936e-04
4.850000000000000000e+02 -2.682979977754759802e-03 2.141959880150339900e-03
5.480000000000000000e+02 -9.786397292080610197e-04 1.887976958637590076e-03
5.830000000000000000e+02 -2.126197021616739891e-03 5.295964504700120031e-04
1.012000000000000000e+03 2.330805372688600063e-03 -9.827798936351119039e-04
1.115000000000000000e+03 1.577498529391249899e-03 -1.725259378293010019e-03
1.518000000000000000e+03 1.681367775582290032e-03 7.277827505455960024e-04
2.185000000000000000e+03 -2.239513131248560031e-03 2.322192936687430143e-03
2.316000000000000000e+03 1.324401835083009911e-03 2.154209713215770108e-03
2.336000000000000000e+03 -3.008228768622390071e-03 -1.258855356143640100e-03
2.403000000000000000e+03 1.678484193471560006e-03 -2.444793077456200101e-03
2.647000000000000000e+03 -6.834155364520770300e-04 -1.074564724740469969e-03
2.802000000000000000e+03 -6.944228091333600177e-04 6.765852035059869655e-04
2.803000000000000000e+03 1.261480174723499928e-03 7.130890203373889749e-04
4.337000000000000000e+03 -1.012711267442999944e-03 1.358763563699930024e-04
4.379000000000000000e+03 1.206362553123029903e-03 -1.245479654433049926e-03
4.589000000000000000e+03 -3.059218754897310186e-04 1.686612281892839894e-03
4.697000000000000000e+03 -1.893701299714549966e-04 2.407115789859699817e-03
4.908000000000000000e+03 2.809811160829480108e-03 -6.768612689911200240e-04
5.161000000000000000e+03 -8.497801339321160068e-04 4.881865908999520067e-04
5.206000000000000000e+03 1.858948049023999944e-03 -2.096823804729869810e-03
5.326000000000000000e+03 1.677727489630399978e-03 -1.048990143644119898e-03
5.388000000000000000e+03 1.602827712301669932e-03 9.896187898620089935e-05
5.760000000000000000e+03 2.141408186978029874e-03 -2.117180064076260113e-03
5.874000000000000000e+03 1.491532623390049925e-03 -1.040028945727620020e-04
5.943000000000000000e+03 7.432199869841259795e-04 1.000324331315909955e-03
6.001000000000000000e+03 -2.905596309255800095e-03 -1.218112421706130013e-03
6.300000000000000000e+03 -2.769611407828120181e-03 -1.579289462825479978e-03
6.302000000000000000e+03 -2.093603545725799923e-03 1.787138209142040022e-03
6.463000000000000000e+03 -1.446614982758790075e-03 7.665528777370590220e-04
6.464000000000000000e+03 8.820427139970269574e-04 2.224338127923759876e-03
7.049000000000000000e+03 -1.905745916467819958e-03 1.596519325653139999e-04
7.133000000000000000e+03 -2.083108027063209982e-04 1.501003129819770054e-03
7.409000000000000000e+03 -2.822200214518799828e-03 2.153401344457760158e-03
7.675000000000000000e+03 -3.100630688971819753e-04 1.125531690847789926e-03
7.948000000000000000e+03 2.790156801880059982e-03 1.541510948516249977e-03
8.117000000000000000e+03 1.742798231547259928e-03 1.833786704830470040e-03
8.210000000000000000e+03 2.384091335322270026e-03 -3.595300742047280234e-04
8.483000000000000000e+03 -6.763813964247909847e-04 1.085384716476270025e-03
8.596000000000000000e+03 -4.780920173216400017e-04 -9.009967456135509808e-04
