8.230000000000000000e+02 3.745291442098030261e-04 2.370348396868849836e-03
2.040000000000000000e+03 2.415512891185080026e-03 -2.323670010283089820e-03
2.478000000000000000e+03 -2.126547285948450147e-03 6.123535335696620287e-04
3.456000000000000000e+03 -7.967319646755130404e-04 1.016369626646849902e-03
3.791000000000000000e+03 1.002830374703620039e-03 1.578684794665089928e-03
3.896000000000000000e+03 2.646161214336359963e-05 -1.151377497455889935e-03
4.586000000000000000e+03 4.230116496250150150e-04 2.247087163672739901e-03
4.688000000000000000e+03 1.278247140767250004e-03 -9.202347412268699475e-04
4.904000000000000000e+03 5.072396730150319829e-04 1.996659167796989865e-03
5.105000000000000000e+03 -2.775011660146559783e-03 4.377301925879020046e-04
5.247000000000000000e+03 -2.046493887354320154e-03 1.822987850006259911e-03
5.692000000000000000e+03 -2.478302184567449801e-03 3.506038727973030222e-04
6.139000000000000000e+03 -5.412967164826650024e-04 -1.769544967273680054e-03
6.223000000000000000e+03 6.593181271053689734e-04 -1.700483157779920018e-03
7.668000000000000000e+03 1.783400590229409924e-03 1.152995522474459938e-03
8.026000000000000000e+03 7.020011763063689755e-04 9.702998260824889957e-05
