3.800000000000000000e+01 1.639378665917209975e-03 1.520338116812259936e-03
8.200000000000000000e+01 1.802777402584470083e-03 -8.264436379966370221e-04
3.450000000000000000e+02 -2.987751263918710098e-03 2.349280768979139945e-03
3.980000000000000000e+02 -2.299175172258020004e-03 4.119546751254440139e-04
9.730000000000000000e+02 -2.560589238436059793e-03 -1.757849488947439958e-03
1.331000000000000000e+03 -8.391503732936629492e-05 -1.099823847118510094e-03
1.865000000000000000e+03 1.366774377462559977e-03 -1.658258693297009990e-03
1.886000000000000000e+03 -2.690353036018569999e-03 -3.737661572159400132e-04
1.955000000000000000e+03 1.874695671760550134e-04 -6.174817909073809482e-04
2.815000000000000000e+03 -1.918965099999659935e-03 -6.239912255307470280e-04
2.990000000000000000e+03 4.601124698665450203e-04 -2.107480616640280188e-03
3.055000000000000000e+03 1.079373786468299998e-03 3.971764854648950158e-04
3.433000000000000000e+03 1.152936159943160083e-03 -7.967674871377500431e-04
3.679000000000000000e+03 -1.766439226862990056e-03 -1.929418809802349978e-03
4.020000000000000000e+03 6.928304645504299898e-04 -5.527767834719220447e-04
4.216000000000000000e+03 2.941079613729919839e-03 1.756920900462529984e-03
4.874000000000000000e+03 -2.041766109838299894e-03 -3.412897485572559939e-04
5.129000000000000000e+03 -7.343085259967639710e-04 -1.857405177771620031e-03
6.171000000000000000e+03 -9.207687617098609615e-04 6.777052045268029548e-04
6.994000000000000000e+03 -1.946599108299359960e-03 1.280111944280579953e-03
7.435000000000000000e+03 8.456763080389249464e-04 -4.725569482242340021e-04
7.622000000000000000e+03 1.424124512060660069e-03 2.233785096624580149e-03
8.141000000000000000e+03 2.951411014671930042e-03 -3.515418562493569815e-04
8.190000000000000000e+03 8.449287086250469861e-04 2.352643385497140034e-03
8.196000000000000000e+03 -2.941648874956950040e-03 1.052379916934919907e-03
8.419000000000000000e+03 -7.601445721480679964e-04 -2.048645790952929868e-03
8.716000000000000000e+03 2.921809943281669826e-03 -2.281675541111650215e-03
