7.000000000000000000e+00 -1.686641677688829882e-10 9.571604564383189854e-11
1.290000000000000000e+02 -1.541481307347650079e-03 4.939201800379920026e-05
2.290000000000000000e+02 2.959466246313739810e-03 -1.904837401315819922e-03
2.520000000000000000e+02 -1.655299323852269921e-03 2.213728584292399930e-03
3.240000000000000000e+02 -3.464986842807549856e-04 5.839455718640690048e-04
6.020000000000000000e+02 3.624600763703189729e-04 9.655891029322150390e-04
6.790000000000000000e+02 -8.103882036962160569e-05 -6.245547900013449782e-04
6.970000000000000000e+02 2.154466312550840090e-03 -6.236367890716290044e-04
7.920000000000000000e+02 -2.210281714332120069e-03 -1.448786636682580006e-03
8.350000000000000000e+02 1.725477006694570029e-03 -1.157150620150140027e-03
8.730000000000000000e+02 1.268207189140410076e-03 -1.008827237893800046e-03
1.014000000000000000e+03 6.105586347929759742e-04 1.824873589122529916e-03
1.207000000000000000e+03 2.935443063919089893e-04 2.407988940396549923e-03
1.237000000000000000e+03 8.698701903485520429e-04 -2.305940778741220193e-03
1.250000000000000000e+03 -1.093687293509849976e-03 -1.007545237429779928e-03
1.818000000000000000e+03 -1.764567269134620061e-03 4.018559401072439987e-05
1.859000000000000000e+03 -1.733430249926770032e-03 2.695319649750209964e-04
2.139000000000000000e+03 2.651930790763120174e-03 -4.290777164223170178e-04
2.265000000000000000e+03 1.849505662959670003e-03 -3.957956581665300123e-04
2.512000000000000000e+03 -3.101020409425669908e-06 -1.823384789423359957e-03
2.808000000000000000e+03 2.182725503621060163e-03 -8.748454493950270135e-04
2.843000000000000000e+03 -2.128495798114729901e-03 -1.053899333153899935e-03
3.173000000000000000e+03 1.371912756973209897e-03 5.097355737027850237e-04
3.348000000000000000e+03 2.947239999379190232e-04 2.403734657031030095e-03
3.533000000000000000e+03 1.211704246062620012e-03 -1.089529270608929901e-03
3.901000000000000000e+03 -2.356697702351930133e-03 -1.906460684513729999e-03
4.066000000000000000e+03 -9.855024951578800554e-04 2.445991322095570058e-03
4.102000000000000000e+03 -1.580622923988009916e-04 -6.811481579085219970e-04
4.292000000000000000e+03 -2.151584668146680132e-03 -2.426150307657279988e-04
4.475000000000000000e+03 -2.341320292327110034e-03 9.447319931914470318e-04
4.476000000000000000e+03 -9.048555167657319678e-04 3.048542010478450036e-04
4.803000000000000000e+03 1.245776587224369913e-03 -1.597797166348469914e-03
5.210000000000000000e+03 -2.481739937327300145e-03 2.160355773865780030e-04
5.265000000000000000e+03 1.444288570488559990e-03 -1.810038472804520069e-03
5.574000000000000000e+03 2.586703172841829917e-03 1.308471262012459975e-03
5.880000000000000000e+03 -2.536534962024219846e-03 1.562176006368770067e-03
5.882000000000000000e+03 5.565852746983679595e-04 7.720188308713360004e-04
6.309000000000000000e+03 3.548729117447190027e-04 1.902420684561479921e-03
6.469000000000000000e+03 -1.667862800096049950e-03 -7.602370752353429994e-04
6.470000000000000000e+03 2.401912624656549981e-03 -1.452820132071049909e-03
6.538000000000000000e+03 -2.451098398562879827e-03 9.632510364935890045e-04
6.540000000000000000e+03 -3.864108643940599732e-04 1.667864509564820049e-03
6.979000000000000000e+03 2.077772161338990210e-03 3.508574458581629899e-04
7.202000000000000000e+03 1.306297673338569897e-03 -1.581415572928709977e-03
7.220000000000000000e+03 5.731817928666079528e-04 1.646711368721750102e-03
7.319000000000000000e+03 -2.300270747680130141e-03 1.968577272581730191e-03
7.594000000000000000e+03 -7.341923120787280333e-05 -8.021300940856840604e-05
7.776000000000000000e+03 -1.062859393460670061e-03 2.434763761914540085e-03
7.860000000000000000e+03 2.284554781674010080e-03 -2.092979843904739946e-03
8.038000000000000000e+03 1.778339284462700015e-03 -2.337021004792569877e-03
8.039000000000000000e+03 -7.501759245773790196e-04 1.174357700801730020e-03
8.299000000000000000e+03 6.228602600168480418e-04 2.084827111874550023e-03
8.394000000000000000e+03 1.279690237431580033e-03 -5.362238036793040476e-04
8.493000000000000000e+03 2.273938790300769792e-03 1.953038719463160095e-03
8.697000000000000000e+03 1.938660096801470088e-03 1.994590520827480180e-03
