2.800000000000000000e+01 -3.056474063115420005e-03 -1.770609067151919904e-03
3.100000000000000000e+01 -1.035638399235649976e-18 6.158732782328280266e-18
3.200000000000000000e+01 2.323776944884049908e-04 5.442492085372350194e-04
7.000000000000000000e+01 -5.654307451694159849e-04 -5.658897783521650311e-04
1.260000000000000000e+02 2.042371926108089812e-03 2.738388965922130061e-04
2.520000000000000000e+02 7.373823460270539833e-04 -1.170275919277380047e-03
3.240000000000000000e+02 2.794607626308359943e-03 -1.568050277029069909e-03
4.090000000000000000e+02 5.530378609315259779e-04 3.778445869350130254e-04
6.330000000000000000e+02 2.326417034716009964e-04 5.443770461305599525e-04
6.460000000000000000e+02 -2.986066585422119963e-03 -1.129475124448239918e-03
9.550000000000000000e+02 -2.350632990100440071e-03 -8.467050335989929509e-05
1.005000000000000000e+03 1.580355050605700053e-03 1.871439185290979903e-04
1.013000000000000000e+03 -1.673331035854590037e-03 -1.335630521239520056e-03
1.014000000000000000e+03 2.712451674917319786e-03 5.030144274575960178e-06
1.129000000000000000e+03 7.582265666866389671e-05 -7.045138346184959873e-04
1.151000000000000000e+03 -4.071209177569360045e-04 -1.675176513354939946e-03
1.196000000000000000e+03 -1.625048207297010100e-03 1.515500867616729900e-03
1.207000000000000000e+03 2.089592422293689959e-03 2.392366081667460058e-04
1.251000000000000000e+03 2.542160136947229938e-03 7.434194780735080190e-04
1.415000000000000000e+03 -1.094551350946749990e-03 -1.465291936341090026e-03
1.438000000000000000e+03 -1.269962932999660083e-03 4.705700515928340250e-04
1.500000000000000000e+03 -1.190550435189979936e-04 4.920109866129319508e-04
1.575000000000000000e+03 -1.792697132210229957e-03 -1.802119810650610037e-03
1.745000000000000000e+03 -6.778394454942539673e-04 -1.420847093440519900e-03
1.746000000000000000e+03 1.829847944619100069e-03 2.306703141074740115e-04
1.882000000000000000e+03 1.820490528895150027e-03 2.171599463449219941e-04
2.091000000000000000e+03 -1.185392284072379942e-03 2.304916201373709977e-03
2.140000000000000000e+03 1.582843730513710081e-03 2.176649387465809935e-04
2.360000000000000000e+03 -2.103849650246669960e-03 -5.855361914983169859e-04
2.376000000000000000e+03 -1.313891734693670025e-03 -2.123335155512110200e-03
2.377000000000000000e+03 2.343689666579280091e-04 -3.489395478758200030e-04
2.407000000000000000e+03 2.445455884859090104e-03 2.107784722335550014e-03
2.436000000000000000e+03 3.126929414043199708e-05 -2.923383746786060175e-04
2.717000000000000000e+03 -1.841097137677079896e-03 -8.761639369174859839e-04
3.348000000000000000e+03 2.093256011291639868e-03 2.367975202904510116e-04
3.424000000000000000e+03 -4.173815694180370078e-04 -1.702788255106999979e-03
3.534000000000000000e+03 -3.481193265539069947e-04 -1.448650563520860078e-03
3.851000000000000000e+03 -1.167298350086489953e-03 -9.045114449081029673e-04
3.854000000000000000e+03 2.087402207602730066e-03 4.102197798659380193e-04
4.066000000000000000e+03 1.094672623099539940e-03 -5.617052895694749689e-04
4.345000000000000000e+03 1.110354285845240084e-03 2.334276082541649876e-03
4.476000000000000000e+03 2.549083882758310191e-03 -2.147530669759349902e-03
4.477000000000000000e+03 -1.732925103391579980e-03 2.162681236523000036e-03
4.530000000000000000e+03 1.559722193491659909e-04 -2.101436047182629965e-04
4.655000000000000000e+03 -7.542726353377990313e-04 4.077734774411769804e-04
4.657000000000000000e+03 -1.216200827676199893e-03 9.355353183919109606e-04
4.757000000000000000e+03 -2.694683233856699865e-03 1.080846341373899958e-03
4.805000000000000000e+03 2.269600851167900141e-03 6.675930191857150451e-04
4.865000000000000000e+03 2.286399498583150183e-03 1.142156165741789941e-03
4.866000000000000000e+03 -1.286279944668870020e-03 1.830282601726489948e-03
4.915000000000000000e+03 9.534800750558320315e-04 5.339026965881020319e-04
4.916000000000000000e+03 -1.660889693279959944e-03 1.293218463425010014e-03
5.168000000000000000e+03 2.016476664188450018e-03 4.929070059167770532e-04
5.575000000000000000e+03 -2.413605492823090153e-03 5.530990245726899500e-04
5.762000000000000000e+03 -6.553480093855750411e-04 -1.486471982238500014e-03
5.880000000000000000e+03 4.884986795619580000e-04 -2.235197705969809920e-03
5.948000000000000000e+03 -5.426925070341270330e-04 -1.252242850052350106e-03
6.136000000000000000e+03 -4.538312265370250047e-04 -4.767481604834109942e-04
6.155000000000000000e+03 1.522550605225789959e-03 4.538492693270930012e-04
6.233000000000000000e+03 -2.219173810363309941e-03 -1.044063283630499968e-03
6.236000000000000000e+03 -1.363942755640949918e-03 2.203237507567729851e-03
6.309000000000000000e+03 2.466072742035510003e-03 -1.029500222893200024e-04
6.310000000000000000e+03 6.145161358886279965e-04 5.962787036427340303e-04
6.313000000000000000e+03 -1.458002498211759951e-03 2.154762245457750216e-03
6.540000000000000000e+03 2.053202730697879872e-03 -7.636183314646899844e-04
6.542000000000000000e+03 -3.069877784174070097e-05 -2.433856348200810120e-04
6.672000000000000000e+03 1.402070980320310007e-03 1.541298119607620006e-04
6.726000000000000000e+03 -4.891601714321169685e-04 -2.774205490202259934e-04
6.817000000000000000e+03 1.183259653017329971e-03 2.356643886155920190e-03
7.059000000000000000e+03 4.558764201975940022e-05 7.768975799224389807e-04
7.060000000000000000e+03 1.134516812216389975e-03 1.288547739382359938e-03
7.061000000000000000e+03 -2.253738442679279873e-03 1.608791394353830013e-03
7.139000000000000000e+03 -1.310518095618400016e-03 -1.519776910265450065e-03
7.220000000000000000e+03 2.800849148179480191e-03 -1.545810448669589872e-04
7.319000000000000000e+03 4.072062174829469794e-04 -1.772422170024800072e-03
7.320000000000000000e+03 -2.578285121720170006e-03 -1.865394156903800102e-03
7.579000000000000000e+03 -1.355273999989300071e-03 -1.232663112789960042e-03
7.776000000000000000e+03 1.043384898387940060e-03 -6.202105556603150147e-04
7.777000000000000000e+03 1.012418098968109921e-03 1.548129724690319991e-03
7.862000000000000000e+03 -9.200795315861589599e-04 -1.070319620043069971e-03
7.863000000000000000e+03 1.829099073425559949e-03 2.369881222809299987e-04
7.952000000000000000e+03 -9.864855848852620204e-04 -2.344434547783420027e-03
7.955000000000000000e+03 8.933099985500409478e-04 8.944341527547930491e-05
8.039000000000000000e+03 2.097337203543350043e-03 -1.377039231297649911e-03
8.040000000000000000e+03 6.253814565318649866e-04 7.145195025688059554e-04
8.122000000000000000e+03 3.259958804588840081e-04 -1.117673826522900052e-03
8.290000000000000000e+03 -1.320687137699749899e-03 -1.952592097425809997e-03
8.299000000000000000e+03 2.551494526448430059e-03 2.098355148478229972e-04
8.397000000000000000e+03 1.373323981467830046e-03 1.652141065981599941e-04
8.804000000000000000e+03 -7.382059636538329701e-04 -8.529104288435220178e-04
