4.910000000000000000e+02 -9.542285144153240303e-04 1.197376147045819961e-03
9.290000000000000000e+02 -6.825451568315929647e-04 1.804149276616169974e-03
1.148000000000000000e+03 1.073778750220309979e-03 2.344558953200549800e-03
2.000000000000000000e+03 -1.065526874146459913e-06 1.658904710901799992e-03
2.001000000000000000e+03 -2.092005657783660086e-03 1.333209602404790027e-03
2.086000000000000000e+03 -1.546390395337619980e-03 -3.059123336635900109e-04
2.220000000000000000e+03 -1.703845359515080088e-03 -7.916555222557160451e-04
2.236000000000000000e+03 -3.118046586572290166e-04 6.374406071773119778e-04
2.335000000000000000e+03 1.459566478406759986e-03 1.787165502434100032e-03
2.616000000000000000e+03 5.778521767403339664e-04 -8.326688183879289891e-04
3.165000000000000000e+03 -1.111849191911439905e-03 -2.229102264200069974e-03
3.383000000000000000e+03 5.874600425976889834e-04 -9.180932997634090077e-04
3.948000000000000000e+03 -2.987368062557649827e-03 -2.363188299237010178e-03
4.163000000000000000e+03 4.524329841770469954e-04 1.612415520810080031e-03
4.285000000000000000e+03 1.148964611395790047e-03 -7.461069226152909845e-05
4.517000000000000000e+03 6.045434481042640104e-04 7.870941793565559841e-04
4.850000000000000000e+03 1.780787461212399907e-03 -2.359575565489629989e-03
4.854000000000000000e+03 2.478566784382399933e-03 2.398045059698959876e-03
4.961000000000000000e+03 2.238269893829639839e-03 -2.024538837152989931e-03
5.252000000000000000e+03 -1.748054173872299992e-03 -1.071039521390660006e-03
5.253000000000000000e+03 -2.351933320703720152e-03 -2.439801790835970183e-03
5.449000000000000000e+03 -1.103786410158870022e-03 -1.750045372023280007e-03
6.068000000000000000e+03 -1.155838731986549893e-03 6.059792989596430451e-04
6.140000000000000000e+03 3.143561806491090176e-04 -1.849133013980960036e-03
6.531000000000000000e+03 -1.140918569284760055e-03 -2.386818940694549786e-03
6.664000000000000000e+03 -1.472661310137370104e-03 6.298526367198499943e-04
6.731000000000000000e+03 -1.236218442592189977e-03 -2.275116959148240203e-03
7.126000000000000000e+03 -7.866022233829239900e-04 -1.347221940573870100e-03
7.402000000000000000e+03 4.803347478484199765e-04 1.242893693058580050e-03
7.582000000000000000e+03 -5.334308449632819537e-04 -8.208323305663390223e-04
7.661000000000000000e+03 1.469906557160689971e-03 -2.133239815127500102e-03
7.765000000000000000e+03 1.913094329293650022e-03 1.485192287699690005e-03
7.845000000000000000e+03 5.970891679470260527e-04 -2.078174113670189921e-03
7.848000000000000000e+03 2.091634979157419843e-03 1.051238174505629910e-03
7.849000000000000000e+03 1.244917122054330083e-03 7.705083783767999878e-04
7.938000000000000000e+03 2.010805207007249941e-03 1.764317788613390086e-04
8.304000000000000000e+03 -2.195456216645629965e-03 -1.745465809151220066e-03
8.780000000000000000e+03 1.945012702185520102e-03 -1.381546521762730016e-03
