3.000000000000000000e+00 9.696222248083939249e-13 -1.679423855285859939e-12
1.100000000000000000e+01 -1.704362063882899903e-03 -9.031372806619829491e-04
2.100000000000000000e+01 -3.913042381513890184e-07 -1.828876062336110043e-06
2.060000000000000000e+02 1.021563250522909997e-03 -1.501186494878879903e-03
5.640000000000000000e+02 1.486332775549820042e-03 1.707360477433039932e-03
7.710000000000000000e+02 -1.962948722827769811e-03 1.064581599023320087e-03
9.190000000000000000e+02 1.877219721116589902e-03 1.614865723594049963e-03
9.200000000000000000e+02 1.877201453151670051e-03 1.614968738403049905e-03
1.143000000000000000e+03 -1.049438171851310069e-03 -2.237262157709920055e-03
1.360000000000000000e+03 2.271524242846129950e-03 -2.473242376345180125e-04
1.474000000000000000e+03 -1.343227140494440090e-03 3.862694237620380036e-04
1.719000000000000000e+03 -2.053520715759679909e-03 6.288131526384789895e-04
1.779000000000000000e+03 1.179306671155889953e-03 -3.333105431597290186e-04
1.780000000000000000e+03 1.807620720533850050e-03 8.187522296470519821e-04
1.994000000000000000e+03 1.771197725563969979e-03 -6.589207259395469867e-04
2.007000000000000000e+03 6.075813319349510381e-04 6.831911811934059673e-04
2.098000000000000000e+03 -7.810973547033380100e-04 -7.173436289561169578e-04
2.448000000000000000e+03 6.919901375396819753e-04 -6.331808041755420269e-04
2.664000000000000000e+03 1.826605836030799953e-03 1.043417282198539969e-03
3.139000000000000000e+03 -3.017261570710829972e-03 1.796095485502950066e-03
3.318000000000000000e+03 -2.403981485586660204e-03 -2.268113996855399862e-03
3.403000000000000000e+03 2.071411343597950004e-03 1.061912458180789892e-03
3.688000000000000000e+03 2.860885397009389850e-03 -4.602693804944949819e-04
3.880000000000000000e+03 1.782274627720979937e-03 8.336917510466209562e-04
3.918000000000000000e+03 2.512322622324990144e-03 -1.800224978103100041e-03
4.224000000000000000e+03 6.128737048720600241e-04 -2.181619581261859918e-03
4.310000000000000000e+03 -1.605962794310250010e-03 2.018240745708859817e-03
4.446000000000000000e+03 1.608942937194590087e-03 -1.991206157467799789e-03
4.668000000000000000e+03 -2.842439872485699997e-03 5.245263455838650038e-04
4.726000000000000000e+03 2.835699463567660072e-03 1.668371368364939987e-03
4.785000000000000000e+03 1.199565121136390074e-03 -8.264989674587679917e-04
4.989000000000000000e+03 -2.568654819408270045e-03 2.364837308787959887e-03
5.475000000000000000e+03 1.720974395719949979e-03 -1.635246980522610076e-03
5.530000000000000000e+03 -2.748300585987360160e-03 1.465125113910939990e-03
5.595000000000000000e+03 -2.500961368797999739e-04 1.040083420526579944e-03
5.596000000000000000e+03 -8.442210104933720472e-04 2.152151076588069804e-03
6.033000000000000000e+03 2.129407872569689941e-03 -1.097207614293640044e-03
6.347000000000000000e+03 -3.694241961579290169e-04 9.041852420918890200e-04
6.420000000000000000e+03 -4.106412077009100200e-04 1.854195564520700040e-03
6.630000000000000000e+03 1.906329669199019992e-03 -4.132253280483759819e-04
7.011000000000000000e+03 1.582702782866519942e-03 5.053358089851800461e-04
7.099000000000000000e+03 -9.111693044783009468e-04 1.691618864384200052e-03
7.100000000000000000e+03 1.746633378125860090e-03 4.219702040369739757e-04
7.270000000000000000e+03 3.021169592251479828e-03 -1.786339959398839956e-03
7.353000000000000000e+03 -1.770290532891839914e-03 -3.509813905902399943e-04
7.632000000000000000e+03 6.423822197119750032e-04 -2.346795920568640025e-03
7.716000000000000000e+03 -3.817518783215710166e-04 1.897009464170829984e-04
7.798000000000000000e+03 -7.700846144049149468e-04 -1.750430610313440062e-03
7.800000000000000000e+03 1.094474256183030096e-03 -1.721555369462330080e-04
7.901000000000000000e+03 6.320923611130849695e-04 -7.117428618983959870e-04
7.981000000000000000e+03 -2.945981356557620095e-03 1.930846884241080048e-03
8.076000000000000000e+03 1.726054722744849949e-03 6.032940910578430023e-04
8.157000000000000000e+03 -1.766758152035979943e-03 -5.886196265045389722e-04
8.538000000000000000e+03 -8.775555431196870515e-04 3.037234520580369920e-04
8.631000000000000000e+03 -1.552468094595650097e-03 -1.400753343891470012e-03
8.636000000000000000e+03 1.395879580846369960e-03 5.641298422136920357e-04
