9.000000000000000000e+00 7.083186008502750253e-19 5.796980724403430199e-19
1.440000000000000000e+02 2.099642042942790037e-03 7.429657901447450424e-04
3.660000000000000000e+02 -2.172106712690630072e-03 1.644057577676880056e-03
5.090000000000000000e+02 -1.078062322398450025e-03 -1.662594677718780061e-03
1.695000000000000000e+03 -1.495863556786060020e-03 8.174348637030139694e-04
2.401000000000000000e+03 1.772193290533879972e-03 -1.909066038521719947e-03
2.458000000000000000e+03 1.991016648637909843e-03 2.237591539116080049e-03
2.801000000000000000e+03 -2.661356721534930032e-03 1.059806788282759973e-03
2.902000000000000000e+03 -1.447931267762150084e-03 5.686739111459159944e-04
3.572000000000000000e+03 1.568026524964439899e-03 -5.522426560294459792e-05
3.843000000000000000e+03 -4.259786957279110254e-04 2.035147105197490105e-04
4.244000000000000000e+03 -4.247208632864409895e-04 2.029829271136050057e-04
4.518000000000000000e+03 2.991444220770890072e-03 -1.137040715020570065e-03
4.694000000000000000e+03 -2.854801936351260110e-03 1.445792659904519915e-03
5.108000000000000000e+03 3.639339083408140102e-04 -2.082379398947469982e-04
5.323000000000000000e+03 1.758952236398370105e-03 6.656946036615689604e-04
5.559000000000000000e+03 -3.321281467560989746e-04 -2.093009726860929794e-03
5.561000000000000000e+03 -2.087961961163830107e-03 1.696254009499029939e-03
6.225000000000000000e+03 4.349097167818410004e-04 -1.330549336413370024e-04
6.530000000000000000e+03 1.278937869749179968e-03 -2.360195881328709926e-03
7.671000000000000000e+03 -2.930540399490299923e-03 1.845441971251499981e-03
8.027000000000000000e+03 -1.901064410693459905e-06 -1.632512880351019973e-03
8.303000000000000000e+03 -6.396953897396260094e-04 1.826215464746030028e-03
