1.800000000000000000e+01 -6.681125898382039855e-12 8.839629811016559878e-13
1.900000000000000000e+01 -1.587869480248789954e-03 -9.580502854214640283e-04
2.500000000000000000e+01 -3.579692496961369898e-07 3.306061024499680043e-07
2.700000000000000000e+01 -1.151400749601870065e-03 -2.368099678368810156e-03
1.300000000000000000e+02 -3.494581062240430307e-05 -1.996285077554629805e-03
1.840000000000000000e+02 5.765470254847449679e-06 2.363915080971730042e-03
1.930000000000000000e+02 2.428968264006009861e-03 -6.562084090578929486e-04
3.220000000000000000e+02 -1.364733339343790020e-04 -1.201014228828410028e-03
3.400000000000000000e+02 2.251531509512810173e-03 1.023250304375030026e-03
5.170000000000000000e+02 -2.420192096918149984e-03 -1.786919637235550012e-03
5.510000000000000000e+02 5.037314770832589583e-04 2.430875606302489969e-04
5.590000000000000000e+02 1.078018227404179937e-03 1.877728972653740051e-03
5.870000000000000000e+02 1.747025021445570070e-03 -1.355845473146420101e-03
6.060000000000000000e+02 1.104668335984639906e-03 3.395601997724469927e-04
7.330000000000000000e+02 1.815350163103259928e-03 -2.037835469689060100e-04
7.450000000000000000e+02 1.134557307958799968e-03 -2.571675494805030220e-04
9.460000000000000000e+02 -2.984404040298619873e-03 4.439656169423019825e-04
9.470000000000000000e+02 -2.201139828700589881e-03 1.792839735318180108e-03
9.970000000000000000e+02 -2.747025168983360018e-03 -2.472478596140450114e-04
1.019000000000000000e+03 -2.039614713568200111e-03 -1.007570793461439948e-03
1.036000000000000000e+03 -2.102589365200710145e-03 -2.271554316334170077e-03
1.122000000000000000e+03 -1.250483537664070100e-03 -4.896764236490859512e-04
1.168000000000000000e+03 1.056430458805230049e-03 -3.029371575840709855e-04
1.183000000000000000e+03 2.146631702015909787e-03 1.081929977607469940e-03
1.274000000000000000e+03 7.323141704476830324e-06 8.067253168887799991e-06
1.451000000000000000e+03 -3.024240309888590137e-03 -5.026840809421360100e-04
1.471000000000000000e+03 -1.296724320217080033e-03 -1.088732119116690060e-03
1.505000000000000000e+03 2.107760176418170192e-03 -1.016633391203959928e-03
1.506000000000000000e+03 1.844093505463279947e-03 4.240945875736959925e-04
1.641000000000000000e+03 2.006244388083660169e-03 -8.206204565956560192e-04
1.803000000000000000e+03 2.416052856830479961e-03 -2.244466801606260185e-03
1.804000000000000000e+03 2.417343905891490043e-03 4.012365610314180104e-04
1.867000000000000000e+03 -2.423129343187969791e-03 -1.790039634639830051e-03
1.887000000000000000e+03 2.250380768311170069e-03 -1.399418867025880057e-03
1.911000000000000000e+03 2.230172806730159989e-03 -1.154609617944549931e-03
1.958000000000000000e+03 8.378919607145580420e-04 1.754685501891729968e-03
1.990000000000000000e+03 2.974964855690509849e-03 -3.066251050374460118e-04
2.032000000000000000e+03 2.417890545422309977e-03 -2.211922280197850012e-03
2.277000000000000000e+03 2.789435184338579822e-03 -1.549981282631759981e-03
2.326000000000000000e+03 -7.513301077645460164e-04 2.816504839279230046e-04
2.347000000000000000e+03 -2.262007780352460074e-03 1.805990347999769999e-03
2.445000000000000000e+03 1.629927376198420054e-03 1.884137000039290107e-03
2.490000000000000000e+03 -6.033874090043510460e-04 -2.304357106808290010e-03
2.491000000000000000e+03 -2.560646804247790082e-03 -1.886703215173590091e-03
2.785000000000000000e+03 -6.607134071389140009e-04 -1.669886245952260061e-03
2.850000000000000000e+03 -8.133967132991989793e-04 -1.409935085956809993e-03
3.057000000000000000e+03 1.301342219086019979e-03 -6.886678860638599910e-04
3.288000000000000000e+03 1.442934035973889983e-03 1.273696263841760069e-04
3.438000000000000000e+03 -1.392294812349119913e-03 1.698045926573560089e-03
3.585000000000000000e+03 1.675845062754439908e-03 -6.836921957267800111e-04
3.766000000000000000e+03 9.472497707674879712e-04 2.081970037024140092e-03
3.816000000000000000e+03 -1.646205944907149898e-03 -6.210768983525060197e-04
3.871000000000000000e+03 -1.747423490210790048e-03 -5.732254127768510177e-04
4.030000000000000000e+03 -2.823841618393850127e-03 2.246704346728239845e-03
4.217000000000000000e+03 2.268178627406389897e-03 -1.505021823585499978e-03
4.438000000000000000e+03 2.836264019103400084e-03 1.033883362109960053e-03
4.439000000000000000e+03 1.805419459581550064e-03 2.231748922511299967e-03
4.495000000000000000e+03 -1.760203950320270074e-03 -5.437777103326089847e-04
4.558000000000000000e+03 -1.375082122362830065e-03 2.154422559994019926e-03
4.614000000000000000e+03 1.514103735204899931e-03 -3.658756023819409757e-04
4.722000000000000000e+03 2.648004273249680070e-03 1.353586381391550008e-03
4.781000000000000000e+03 6.477975734988160143e-04 -2.838713332738789733e-04
4.824000000000000000e+03 -1.824198307422679889e-04 2.581453208167079866e-04
4.932000000000000000e+03 7.749746871605069868e-04 -1.221521865987949904e-03
5.186000000000000000e+03 6.605764140404289620e-05 2.963815887909949844e-04
5.227000000000000000e+03 -2.524789439582120210e-03 -4.025596873280339852e-04
5.347000000000000000e+03 1.255115430946049902e-03 7.949904800105439843e-04
5.349000000000000000e+03 7.910236808370570529e-04 9.259173665760929992e-04
5.350000000000000000e+03 1.089726835985090026e-04 5.373778160882139486e-04
5.351000000000000000e+03 -1.772532186975959946e-03 1.835824263162289926e-03
5.474000000000000000e+03 5.006870816024169748e-04 -1.002669534128720072e-03
5.527000000000000000e+03 -2.369835443247820216e-03 1.978417831679279808e-03
5.589000000000000000e+03 2.019140364953449836e-03 -6.497929127467130112e-04
6.256000000000000000e+03 6.682336541963029885e-04 1.035250182748479906e-03
6.260000000000000000e+03 -2.800548606658220113e-03 -2.691989507982969808e-04
6.335000000000000000e+03 5.837139874608070515e-04 -1.222964026811340036e-03
6.338000000000000000e+03 -2.832305737957989985e-04 -5.022727489271580333e-04
6.412000000000000000e+03 1.601958267867920017e-03 2.038770812729769847e-03
6.414000000000000000e+03 3.751777038764189860e-04 2.037172047348280099e-03
6.416000000000000000e+03 -2.986680205538059900e-03 4.369369334951759805e-04
6.498000000000000000e+03 -6.152417317866110038e-04 -3.517360710290279909e-04
6.561000000000000000e+03 2.318851126441979962e-03 -1.408288984818620044e-03
6.562000000000000000e+03 7.456151507201870185e-04 3.517114191336249908e-04
6.697000000000000000e+03 -3.042866984465060010e-05 1.613798797010749988e-03
6.761000000000000000e+03 1.275628952149089937e-04 1.871484499761230094e-03
7.002000000000000000e+03 5.891466369334040498e-04 -1.949508291551729994e-03
7.003000000000000000e+03 4.539137429453450178e-04 1.075978297530009965e-03
7.087000000000000000e+03 1.257498260682199907e-03 7.205814079187840152e-04
7.440000000000000000e+03 2.552006273709880174e-03 -1.446760551206810073e-03
7.445000000000000000e+03 -1.982760096319469839e-03 1.024964734386600096e-03
7.527000000000000000e+03 1.255044035857310041e-03 -5.053300920393710401e-04
7.529000000000000000e+03 8.098849509599470456e-04 1.815221673794639983e-03
7.532000000000000000e+03 -2.302374192421579799e-03 2.443659081436649894e-03
7.625000000000000000e+03 1.828703440801799892e-03 9.524149518286709540e-04
7.795000000000000000e+03 -1.162715175379749931e-03 -2.378813846229020038e-03
8.071000000000000000e+03 -1.512559515185029962e-03 -1.369408919818659951e-03
8.619000000000000000e+03 2.781844121228570048e-03 -4.688268584333079854e-04
8.624000000000000000e+03 1.372878464980910014e-03 1.924975275839969999e-03
8.824000000000000000e+03 2.327487308082000061e-03 -4.835659500429819835e-04
