1.300000000000000000e+01 4.198581153959069807e-13 2.424003885385600231e-13
2.570000000000000000e+02 6.193189581210590492e-04 -5.221427510995379963e-04
2.990000000000000000e+02 -6.367299038557899587e-04 -1.237741953761460102e-03
3.440000000000000000e+02 1.167676191996700093e-03 -1.285203971129000085e-03
3.860000000000000000e+02 2.755938430965529959e-04 -1.402190674643919929e-03
4.260000000000000000e+02 5.891406067605500481e-04 -5.497479778836080258e-04
6.320000000000000000e+02 -1.665938905483330080e-03 -2.198526399131929890e-03
6.670000000000000000e+02 2.423193122213600052e-03 1.365811672926510066e-03
6.880000000000000000e+02 1.393747412692629938e-03 1.080445502771630074e-03
6.890000000000000000e+02 -2.769442504359689861e-03 -8.605994020925610477e-04
7.070000000000000000e+02 -1.912318015398410068e-03 -2.227522585929180184e-03
7.250000000000000000e+02 -9.577395671970609606e-07 -1.251752020494529974e-03
8.880000000000000000e+02 8.350941440091849861e-04 -6.801116196767409720e-04
1.064000000000000000e+03 7.383609012745170116e-04 1.739031804204839915e-04
1.088000000000000000e+03 4.688444848272999829e-05 4.334274936280810200e-04
1.117000000000000000e+03 1.166151199541919916e-03 -4.625944302478440079e-04
1.179000000000000000e+03 -3.991448986682749942e-05 2.009757885422939865e-03
1.224000000000000000e+03 3.983517002765330178e-04 -4.184861565814180021e-04
1.268000000000000000e+03 2.542998835368369946e-04 -1.275381497294409989e-03
1.462000000000000000e+03 -2.509499837956070088e-03 2.337376497905929978e-03
1.551000000000000000e+03 4.450590903078389883e-04 -6.474909131484990043e-04
1.651000000000000000e+03 1.684623399225030098e-03 1.014548185908500065e-04
1.793000000000000000e+03 9.784263012628600497e-05 4.483765908475429883e-04
1.794000000000000000e+03 -1.695657690144809944e-03 8.671896873957769987e-04
2.188000000000000000e+03 1.330002301017400076e-03 -1.097702607698000090e-03
2.223000000000000000e+03 -1.632148770390959942e-03 -2.174066463581049956e-03
2.405000000000000000e+03 1.273165904660219930e-03 1.986952636578789844e-03
2.511000000000000000e+03 1.572108221283130070e-03 1.964391580520189872e-03
2.540000000000000000e+03 1.332919687982520029e-03 1.204270788815390002e-04
2.712000000000000000e+03 5.843348244138989568e-04 -3.021603714416819849e-04
2.714000000000000000e+03 1.410474550407649899e-03 1.325074805726329926e-03
2.806000000000000000e+03 -1.391220386780240084e-03 1.785380401618169967e-03
2.907000000000000000e+03 -2.031166271373969785e-03 -2.180155937677309957e-03
3.117000000000000000e+03 1.769539331790870047e-03 -9.331564434329390036e-04
3.303000000000000000e+03 5.433087851581810349e-04 -1.195464142518590060e-03
3.345000000000000000e+03 6.310756337091920397e-04 -3.366291332611370075e-04
3.614000000000000000e+03 -1.538074009295139913e-03 -1.817968037777509954e-03
3.664000000000000000e+03 1.645024184072519952e-03 -7.472263700079729686e-04
3.952000000000000000e+03 6.234413475041000632e-05 3.067919719211799822e-04
4.004000000000000000e+03 -5.170279274346360147e-04 2.130288031484559898e-03
4.291000000000000000e+03 -1.700845939868829990e-03 -7.051227458128969845e-04
4.340000000000000000e+03 2.458230503901509979e-03 3.714087995707989940e-04
4.526000000000000000e+03 -9.521676120505859599e-04 -2.150149226833339942e-03
4.527000000000000000e+03 1.063067027924820013e-03 -3.042904202366800105e-04
4.754000000000000000e+03 2.577841464748800195e-03 -1.825648956931320019e-03
4.861000000000000000e+03 -3.989117352023959819e-04 -1.538423234847070093e-03
4.911000000000000000e+03 -1.383908065705550042e-03 4.384283229986889771e-04
5.015000000000000000e+03 -1.071256971257859977e-03 -2.080250456466609804e-03
5.065000000000000000e+03 4.606098714214020050e-04 -2.258468368539830076e-04
5.112000000000000000e+03 2.809771892942489885e-03 1.357031648643149905e-03
5.113000000000000000e+03 -2.622295225152980209e-03 -1.448175369540690045e-03
5.327000000000000000e+03 1.959953616198840173e-03 -2.315773463193830217e-03
5.501000000000000000e+03 8.999889539959960274e-04 -2.303413101648230012e-03
5.505000000000000000e+03 -5.071426466994829498e-04 1.382476101209920106e-03
5.565000000000000000e+03 -5.711735216466569696e-05 -1.885901684246970005e-03
5.946000000000000000e+03 1.787640777747980013e-03 -8.117042688157219670e-04
6.535000000000000000e+03 2.580299426359549970e-03 -1.237532203821509972e-03
6.536000000000000000e+03 -4.471261424906510071e-04 -5.421180395465079573e-04
6.671000000000000000e+03 2.217494514248139869e-04 2.080925929599269919e-03
6.978000000000000000e+03 1.459608249703350054e-03 -1.610192305304989930e-03
7.057000000000000000e+03 7.824515546248609916e-04 -1.323104925254770122e-04
7.316000000000000000e+03 -1.264998816163420085e-03 -7.554206533477730466e-04
7.495000000000000000e+03 -2.132129026640170073e-03 1.038877506796080045e-03
8.019000000000000000e+03 2.266603675505420110e-03 -1.347750853269939883e-04
8.313000000000000000e+03 7.494310736000320489e-04 -8.154371522526269751e-04
8.488000000000000000e+03 2.686408088453249871e-03 8.174003236260079640e-04
8.693000000000000000e+03 -8.375213230596600033e-04 -3.251332284854879817e-04
8.798000000000000000e+03 4.041743478110460062e-04 -3.887200208450249843e-04
8.802000000000000000e+03 -3.041322056226199860e-03 2.173831163658540046e-03
