1.200000000000000000e+01 4.732735954187259721e-12 -1.357007861124010000e-11
1.180000000000000000e+02 -5.505257288177349551e-04 -7.168186317686680133e-04
3.700000000000000000e+02 8.412700201713180399e-04 8.293108979254659556e-04
8.580000000000000000e+02 1.221797164177610036e-03 -1.481123349792219917e-03
1.159000000000000000e+03 3.856670413478029813e-05 4.118952068869790239e-04
1.873000000000000000e+03 -6.435797338999899595e-04 -2.063691455710249902e-04
2.013000000000000000e+03 1.853518832986709953e-03 -6.683184637478040407e-04
2.281000000000000000e+03 -1.249442361449859974e-03 1.665728712792700081e-04
2.307000000000000000e+03 -9.164962947572729939e-04 -1.268759728633940022e-03
2.933000000000000000e+03 1.522328062294770075e-04 1.595533071858950104e-03
3.831000000000000000e+03 -1.133675146987029973e-03 -6.495494616386430272e-04
3.832000000000000000e+03 -1.133682133129789967e-03 -6.493751495973140242e-04
4.455000000000000000e+03 7.032735179671149731e-04 -3.330907256551069915e-04
4.513000000000000000e+03 -2.526220953462289943e-04 1.079648164777940100e-03
4.839000000000000000e+03 -3.035974359395160211e-03 2.220648571679239951e-03
4.952000000000000000e+03 -4.849832150066090081e-04 -1.763245503722290098e-03
5.052000000000000000e+03 -1.685855202760879910e-03 -1.710736729548249964e-03
5.609000000000000000e+03 2.983786341759579828e-03 -1.274864666250480035e-03
5.853000000000000000e+03 5.643353046398389729e-04 6.533292360721619464e-04
6.046000000000000000e+03 -1.179210489266450035e-03 -2.841747646614429905e-04
6.047000000000000000e+03 2.765057629653920167e-03 2.012796938300670090e-03
6.283000000000000000e+03 -2.878676885241790179e-03 2.221736369920360166e-03
6.648000000000000000e+03 -3.311259890449460251e-04 -6.189331573747640499e-05
6.712000000000000000e+03 -1.597469379593090049e-03 -1.285630170781440051e-03
7.293000000000000000e+03 -1.055042930103429998e-03 -1.358444760563350031e-03
7.379000000000000000e+03 -1.431085868881119957e-03 1.520578787612170005e-03
7.568000000000000000e+03 -1.755040522766299895e-03 -2.281328419877329955e-03
7.646000000000000000e+03 2.702825112370230154e-03 -4.106167427080520014e-04
7.647000000000000000e+03 -2.775223528126080034e-03 -2.286642369249630193e-03
7.736000000000000000e+03 3.024101752090899934e-03 -6.928940573462690064e-04
8.173000000000000000e+03 2.229120989487590188e-03 -1.238671764154629980e-03
8.174000000000000000e+03 2.817047102075419989e-04 -5.969732890318400114e-04
8.444000000000000000e+03 -6.656278707284510538e-04 -5.018850029739489781e-04
8.561000000000000000e+03 2.024819093940480146e-03 -1.236361697818039954e-03
8.748000000000000000e+03 4.142521010315119772e-04 9.419701337653759549e-05
8.749000000000000000e+03 1.939515801605130093e-03 7.830779791204029979e-04
