1.000000000000000000e+01 9.696340574510739469e-14 0.000000000000000000e+00
2.530000000000000000e+02 -1.119682025753080106e-03 -2.159999333802360005e-03
5.740000000000000000e+02 -8.348723420413820462e-04 -1.971405602809579889e-03
5.990000000000000000e+02 -9.800248427734249614e-04 7.763752423338470465e-04
8.140000000000000000e+02 -9.251701236290089470e-04 -2.196625195365290144e-03
8.640000000000000000e+02 -2.998005974277650077e-03 1.788775592951249993e-03
9.550000000000000000e+02 1.430802300855290015e-03 -1.744945753867230059e-03
1.196000000000000000e+03 2.430038556626960052e-03 -2.991794014940400031e-04
1.401000000000000000e+03 -2.296273873809370064e-03 -6.011039627658809831e-04
1.438000000000000000e+03 2.596804067567879976e-03 -1.393173899465510041e-03
1.704000000000000000e+03 -2.150523686167919897e-03 2.281865709852060053e-03
2.091000000000000000e+03 3.004974946164030037e-03 4.015226480151840157e-04
2.243000000000000000e+03 -2.848218349707839960e-03 -7.949393777196719869e-04
2.296000000000000000e+03 4.144556715774450105e-04 -7.772911963259940315e-04
2.360000000000000000e+03 1.583602654435899929e-03 -2.284912082565189982e-03
2.541000000000000000e+03 -1.126558438254630012e-03 2.366487516844740201e-03
2.777000000000000000e+03 -2.272163883815459841e-03 2.205571689813909907e-03
3.205000000000000000e+03 -3.050914322442179784e-03 -2.270536527057520106e-03
3.206000000000000000e+03 -2.965909047184090049e-03 -2.982514604222510262e-04
3.239000000000000000e+03 -1.120058353876010040e-03 -2.159627893151959844e-03
3.269000000000000000e+03 -1.253814542158869895e-03 -2.149527279685429799e-03
3.273000000000000000e+03 3.022161599948630043e-03 2.247269508136009921e-03
3.305000000000000000e+03 1.417238851134369933e-03 1.068657273133730027e-03
3.426000000000000000e+03 8.652281893799539970e-04 1.065290442513920025e-03
3.535000000000000000e+03 2.144505352009530141e-03 1.510523390339680010e-03
3.617000000000000000e+03 9.967961249290270727e-04 2.410180233665690144e-03
3.754000000000000000e+03 -2.364441423836489888e-03 3.970112981767050177e-04
3.954000000000000000e+03 -9.260663092725430340e-04 -8.942078263628489704e-04
4.067000000000000000e+03 -1.076912696821959907e-03 -5.515878520061380345e-04
4.343000000000000000e+03 -6.775562050144920390e-05 -1.858316843485369923e-03
4.426000000000000000e+03 -1.798288067434419910e-03 1.770786480312450128e-04
4.477000000000000000e+03 2.437955629484140057e-03 3.544672727553100028e-04
4.534000000000000000e+03 -2.846065527465399970e-03 2.133583161547590069e-03
4.657000000000000000e+03 2.732668110943789908e-03 -9.428378756434689471e-04
4.757000000000000000e+03 1.302593570304739958e-03 -5.396027794037549976e-04
4.866000000000000000e+03 2.821186880145589923e-03 -4.805397752430239794e-05
4.914000000000000000e+03 -1.599848456955910029e-03 -1.945547140937909942e-03
4.916000000000000000e+03 2.355246532096550056e-03 -5.115701866942770452e-04
4.917000000000000000e+03 -9.177927900514199671e-04 1.394714335212460081e-04
5.271000000000000000e+03 -2.744455436137150078e-03 1.740283743364110089e-03
5.335000000000000000e+03 5.746355785440530406e-04 2.229885829250740151e-03
5.511000000000000000e+03 -1.871576035608450012e-03 8.831609467059710165e-04
5.575000000000000000e+03 1.483100317962229896e-03 -1.106259919447470045e-03
5.637000000000000000e+03 -1.388713462715300074e-03 -1.019422808231799980e-04
5.707000000000000000e+03 -6.859070954891190305e-04 -1.927888793243429924e-03
6.083000000000000000e+03 -3.025960285234950090e-03 -4.994155930943159705e-04
6.236000000000000000e+03 2.809924682980770132e-03 3.318495751260669966e-04
6.313000000000000000e+03 2.708216507958840190e-03 3.001933729536220095e-04
7.061000000000000000e+03 1.827724282083509951e-03 -9.927653659358570280e-05
7.502000000000000000e+03 2.730524891894499893e-03 2.280245752314130018e-03
8.127000000000000000e+03 -1.420619133112450017e-03 1.940667366108800047e-03
8.496000000000000000e+03 5.990699271126309492e-04 1.937673554019959899e-03
8.581000000000000000e+03 -2.404362234775100134e-03 -1.084965942391489949e-03
