2.000000000000000000e+00 -1.491551295864520003e-12 1.520807647193180005e-12
1.600000000000000000e+02 1.408079367683609919e-03 1.395163511715250080e-03
4.460000000000000000e+02 -2.553830398210589925e-03 -3.398812882397679851e-04
7.930000000000000000e+02 7.270402555882310046e-04 1.198295819173319962e-04
8.160000000000000000e+02 1.739726066236949985e-03 1.215630712481719958e-04
8.980000000000000000e+02 -1.388513517568070073e-03 -2.256214556986789899e-03
1.152000000000000000e+03 -4.574877887080560247e-04 -1.244724959959139961e-03
1.483000000000000000e+03 2.260422085771319946e-03 2.068326246412819942e-03
1.523000000000000000e+03 1.640361921912279926e-03 2.313460750170639839e-03
1.672000000000000000e+03 3.449923221328749737e-04 2.180646457577959958e-03
1.840000000000000000e+03 2.692151441857059888e-03 2.452197001724790160e-03
1.950000000000000000e+03 -2.126872246998750150e-03 -6.361434196169380231e-04
1.952000000000000000e+03 2.223234692949009952e-03 1.240979338731070013e-03
1.953000000000000000e+03 2.940923252210059929e-03 -1.005725897664819929e-03
2.047000000000000000e+03 9.329990448892589794e-04 -1.597656273986120066e-03
2.267000000000000000e+03 -1.787463593162400043e-03 -7.263725066857139789e-04
2.268000000000000000e+03 1.948208793080329835e-05 1.144172209070019918e-03
2.485000000000000000e+03 1.278698671555460100e-03 1.064462220350380047e-03
3.119000000000000000e+03 3.382660190529039926e-04 5.203296031428410488e-04
3.207000000000000000e+03 1.802238860242720000e-03 -7.305397542487479783e-04
3.240000000000000000e+03 4.910218247768670429e-04 -1.529858420202050064e-03
3.425000000000000000e+03 -1.685616880859280072e-03 7.262210405486410421e-06
3.667000000000000000e+03 1.338641481152699937e-03 -2.343633930680960164e-03
3.957000000000000000e+03 1.348632693804050018e-03 5.646473369532880151e-04
4.010000000000000000e+03 -5.538741510539879924e-04 1.900588319356270092e-03
4.129000000000000000e+03 9.645643806269069490e-04 -2.121085559163429952e-03
4.809000000000000000e+03 2.700444062450720138e-03 1.089657571212519944e-03
4.870000000000000000e+03 -9.705129214483160401e-05 2.036847773778139865e-04
5.066000000000000000e+03 2.960918294884199841e-03 -1.989775078636710041e-03
5.638000000000000000e+03 -2.370808601262540047e-03 4.557877620336829865e-04
6.082000000000000000e+03 -1.894525323851330070e-03 -1.625234178648589985e-03
6.158000000000000000e+03 5.431331696451569772e-04 3.568049735346170244e-04
6.607000000000000000e+03 1.684244504349200096e-03 1.468357712421000010e-03
6.681000000000000000e+03 2.505500428736619906e-03 -6.406067258814250077e-04
7.321000000000000000e+03 -2.021833663749800138e-03 -9.063896407949410469e-04
7.778000000000000000e+03 -3.709394755681540102e-04 -1.568892728545800031e-04
7.961000000000000000e+03 1.260877873525969965e-03 2.410883769439649965e-03
8.043000000000000000e+03 2.541829301253779958e-03 -2.268050797020269849e-03
8.123000000000000000e+03 -2.536066405682429938e-03 -2.250319899586660129e-03
8.399000000000000000e+03 -1.495208838994210084e-03 -9.698130600483339603e-04
8.403000000000000000e+03 2.568349656769140094e-03 -9.263083414375720449e-04
8.404000000000000000e+03 2.426625715330709993e-03 1.754779321336760083e-03
8.497000000000000000e+03 8.666733399409939616e-04 -2.409559651613270206e-03
8.499000000000000000e+03 1.515442953302499965e-03 -4.265300433963920002e-04
8.698000000000000000e+03 -1.429138756949200088e-03 9.093687515361499607e-04
